1403715278412143104.000000 0.097815394 -0.989322722 -0.130842835 -0.473399788 -0.681478679 -0.319666088 0.457485586
1403715279162142976.000000 0.043378480 -0.905300081 0.005882585 -0.468662828 -0.663140595 -0.331028908 0.480644971
1403715282112143104.000000 -0.178409666 -0.532215297 0.181566507 -0.678739727 -0.468531191 -0.465400696 0.321236819
1403715284762142976.000000 -0.339040041 0.165332586 -0.109137319 -0.799955964 -0.182903484 -0.556306481 0.130919710
1403715287612143104.000000 0.237411737 0.125897765 0.385562181 -0.816991389 -0.008801105 -0.575974405 0.026479864
1403715289762142976.000000 0.497574121 -0.112944961 0.257738262 0.799692214 -0.209401280 0.543206453 0.146867722
1403715291562142976.000000 1.121204972 -0.224380046 0.264161617 0.782564402 -0.254125744 0.554045618 0.126675025
1403715292012143104.000000 1.232425690 -0.376233339 0.214789703 0.785514414 -0.262692928 0.535300970 0.165567175
1403715292462142976.000000 1.384857535 -0.551048219 0.154923111 0.805004895 -0.207258224 0.537985802 0.139937356
1403715294262142976.000000 2.009026289 -0.855742753 0.482878298 -0.795940340 -0.160552278 -0.568959951 0.130332798
1403715296112143104.000000 2.131755352 -1.194885850 0.138250649 -0.670726776 -0.453006029 -0.474842191 0.345595121
1403715298912143104.000000 2.915205717 -1.085948944 -0.006099321 -0.399974823 -0.718072951 -0.318924427 0.471888304
1403715301412143104.000000 2.497861624 -0.718715668 0.089574158 -0.186952814 -0.771675408 -0.174189299 0.582429171
1403715303912143104.000000 2.666387320 -1.467683315 -0.051689520 -0.031474195 -0.811824501 -0.013876747 0.582887590
1403715306712143104.000000 2.693817377 -1.651559114 0.254927784 -0.079602972 -0.794517159 -0.016267259 0.601781666
1403715309662142976.000000 3.278517246 -1.252265573 0.068463922 -0.390516907 -0.713885784 -0.274493635 0.512364030
1403715310962142976.000000 3.667908907 -1.020718932 0.131175935 -0.451820791 -0.686442912 -0.315546334 0.474430770
1403715313112143104.000000 4.247184277 -0.327681512 0.212135345 -0.444505423 -0.666738927 -0.355795979 0.480919272
1403715315312143104.000000 4.057213783 -0.404776394 0.425947338 -0.557817578 -0.599497080 -0.394663006 0.416754216
1403715317812143104.000000 3.479627609 -0.312900603 0.157463074 -0.790452003 -0.220939696 -0.543800652 0.175077707
1403715320762142976.000000 4.203593731 0.070656158 0.220781326 0.772325397 -0.241117015 0.574372888 0.124386355
1403715321262142976.000000 4.255370140 0.190334588 0.284819901 0.767901421 -0.291942596 0.551184475 0.145919740
1403715321762142976.000000 4.186207294 0.133472860 0.327754110 0.766841769 -0.282975286 0.555852592 0.151349530
1403715324512143104.000000 3.869961500 -1.021282434 0.420349002 0.730069697 -0.355291367 0.542679667 0.215093583
1403715327462142976.000000 3.168596029 -0.984448493 0.375647038 0.734412432 -0.378062427 0.520510793 0.216276899
1403715329962142976.000000 2.418802500 -1.190540791 0.180146724 0.812436521 -0.117023639 0.567036331 0.068718344
1403715332762142976.000000 2.435269117 -1.614984751 0.470862359 -0.826268911 0.000616803 -0.562169313 0.035286695
1403715335312143104.000000 2.714583874 -2.802165985 0.452430576 -0.816910267 -0.107265167 -0.561513305 0.076515108
1403715337012143104.000000 3.210928440 -3.279795885 0.429326177 -0.799782336 -0.174987346 -0.560581148 0.124403961
1403715338012143104.000000 3.563998461 -3.389857769 0.512408078 -0.788685203 -0.222864345 -0.547712445 0.168280587
1403715339962142976.000000 4.441834927 -3.614231110 0.523810446 -0.751852989 -0.327478975 -0.539042413 0.192114666
1403715340312143104.000000 4.524128437 -3.557986021 0.513184845 -0.731812954 -0.369950622 -0.523045361 0.232400268
1403715340662142976.000000 4.548390388 -3.449287415 0.558008373 -0.709899366 -0.420778304 -0.482802659 0.293070406
1403715342312143104.000000 4.807976723 -2.925878525 0.683380902 -0.720255375 -0.406628877 -0.481871754 0.289283335
1403715342762142976.000000 4.835301876 -2.761353731 0.684319079 -0.676406145 -0.475400656 -0.475162864 0.301146686
1403715344112143104.000000 4.830258369 -2.047880173 0.632420123 -0.648010969 -0.496592999 -0.464979351 0.342449188
1403715346962142976.000000 3.077033997 -1.227210999 0.487647980 -0.636392117 -0.515163660 -0.430070966 0.380329490
1403715347512143104.000000 2.805096149 -1.141447783 0.516727746 -0.591581643 -0.564238727 -0.429416746 0.383754134
1403715350362142976.000000 2.662206888 -0.742903113 0.106604755 -0.358088851 -0.752725124 -0.246005386 0.494629771
1403715351962142976.000000 2.274244308 -0.482670486 0.011006000 -0.329843521 -0.747155249 -0.236315161 0.526419520
1403715354662142976.000000 1.454047918 -0.407334268 0.002013432 -0.260620892 -0.781251311 -0.173219845 0.540109336
1403715357212143104.000000 0.933402300 -0.175429791 0.344579339 -0.074876666 -0.820893824 -0.035195254 0.565055966
1403715357612143104.000000 0.757386208 -0.127219975 0.405740142 -0.028629279 -0.823952317 -0.031522710 0.565056980
1403715359262142976.000000 -0.150596470 -0.479681134 0.365583867 0.026301460 -0.807354867 0.024963664 0.588950992
1403715359562142976.000000 -0.265170336 -0.574961543 0.343025744 0.034940425 -0.806742072 0.004863800 0.589849770
1403715360412143104.000000 -0.402504325 -0.912930131 0.366651177 0.003956479 -0.817835391 0.022915699 0.574982285
1403715360812143104.000000 -0.429342300 -0.998991847 0.391383231 -0.070255414 -0.815364301 -0.019905489 0.574324846
1403715361262142976.000000 -0.445953935 -1.013322830 0.429389745 -0.166050151 -0.804157138 -0.115619227 0.558919370
1403715363162142976.000000 -0.992396772 -1.127592087 0.347613066 -0.548236549 -0.603145897 -0.331620216 0.475057691
1403715364162142976.000000 -0.906545401 -1.105899215 0.435671180 -0.662084758 -0.468828440 -0.464671552 0.354857713
1403715366912143104.000000 -0.279036880 -1.727077007 0.718120039 -0.778470218 -0.282596916 -0.524105310 0.198587120
1403715369662142976.000000 1.312168837 -2.569185495 0.778129876 -0.719252408 -0.411378533 -0.484589994 0.280385882
1403715372362142976.000000 2.915454865 -2.196175337 0.681766033 -0.688625455 -0.446609825 -0.472716719 0.320739239
1403715375312143104.000000 4.152741432 -1.153781891 0.798197150 -0.537372947 -0.621424735 -0.383853167 0.421566695
1403715377012143104.000000 3.764840841 -0.469436139 0.663886607 -0.525931716 -0.600645602 -0.406278044 0.444475919
1403715377462142976.000000 3.576339483 -0.468344450 0.619952738 -0.522857964 -0.615723073 -0.392087221 0.440195739
1403715380312143104.000000 2.172637224 -0.838208079 0.607210398 -0.530422986 -0.620180011 -0.378891230 0.436428308
1403715383212143104.000000 0.163022846 -0.856625378 0.609533608 -0.685778856 -0.473057359 -0.446490437 0.326451093
1403715385812143104.000000 -0.095533587 -0.144668177 0.590649247 -0.809544742 -0.139623165 -0.552198172 0.142196849
1403715388712143104.000000 0.823898613 -1.402892351 0.506291866 -0.800691307 -0.179420426 -0.554585218 0.138336226
1403715390212143104.000000 1.574900389 -2.143820047 0.507382393 -0.785644770 -0.273478001 -0.523965061 0.182846218
1403715392912143104.000000 3.448320627 -1.545913100 0.654309511 -0.605796039 -0.545034111 -0.434794486 0.383278847
1403715394462142976.000000 3.897693396 -1.182535172 0.658789039 -0.282335103 -0.763677239 -0.212211803 0.540416479
1403715395462142976.000000 3.858325243 -1.315355420 0.621567667 0.000893444 -0.825341225 -0.006519036 0.564595997
1403715398212143104.000000 2.906417370 -1.709179163 0.284480304 0.114699028 -0.795448840 0.092653506 0.587810159
1403715399562142976.000000 2.704226017 -1.693265200 0.201686740 0.124002822 -0.803275764 0.059345853 0.579525113
1403715400062142976.000000 2.848330975 -1.850028396 0.208746076 0.105981328 -0.827654958 0.054984268 0.548390388
1403715400412143104.000000 2.891552210 -2.015324593 0.237838149 0.065017276 -0.828665674 0.003233219 0.555945754
1403715401262142976.000000 2.788418770 -2.590539217 0.244291231 -0.131471023 -0.832825840 -0.074315995 0.532535136
1403715402412143104.000000 2.150751114 -3.024752617 0.341713071 -0.159581855 -0.793148220 -0.126434818 0.573989391
1403715402962142976.000000 1.933767796 -3.234146595 0.345207572 -0.212538168 -0.786668539 -0.145119488 0.561177731
1403715403212143104.000000 1.849435449 -3.345918179 0.346931994 -0.235000417 -0.799815655 -0.125682950 0.537841439
1403715403462142976.000000 1.753919125 -3.415539026 0.362287194 -0.232787907 -0.801387966 -0.138968617 0.533174455
1403715403812143104.000000 1.594341159 -3.449644327 0.376499087 -0.285760939 -0.787583828 -0.167260885 0.519688666
1403715404312143104.000000 1.320699453 -3.370281935 0.408350378 -0.355510533 -0.746301055 -0.252243459 0.503011167
1403715404562142976.000000 1.158853054 -3.313309193 0.413112998 -0.365565538 -0.736221671 -0.275910109 0.498209983
1403715405262142976.000000 0.670561492 -3.216152191 0.368483841 -0.453804016 -0.677037358 -0.290891081 0.501063585
1403715405512143104.000000 0.546664000 -3.187827587 0.347295433 -0.511636794 -0.642872393 -0.327186972 0.466788560
1403715405762142976.000000 0.450193584 -3.152745247 0.327337861 -0.558427632 -0.612035453 -0.368690640 0.421471685
1403715406012143104.000000 0.360541821 -3.101134539 0.305558622 -0.601910174 -0.568751931 -0.403226882 0.389401376
1403715406462142976.000000 0.211545736 -2.980582714 0.236467570 -0.677153826 -0.471999466 -0.448826402 0.342394799
1403715406662142976.000000 0.160001844 -2.923738480 0.196120754 -0.707199931 -0.431799769 -0.459881067 0.319259554
1403715407112143104.000000 0.110809766 -2.792316437 0.114147216 -0.750543654 -0.348613232 -0.499195129 0.256821781
1403715407362142976.000000 0.113740683 -2.713304758 0.078803137 -0.776317656 -0.323427767 -0.492552161 0.223870069
1403715407612143104.000000 0.151960194 -2.609952688 0.065100431 -0.776271343 -0.314635992 -0.502033591 0.215335712
1403715410362142976.000000 0.521327913 -1.504159093 0.391165793 -0.683346748 -0.455748975 -0.474049598 0.317186236
1403715410862142976.000000 0.534769595 -1.358239532 0.368157119 -0.666628778 -0.457894772 -0.490483940 0.324598193
1403715411212143104.000000 0.505820692 -1.277593613 0.343375057 -0.670185387 -0.465320140 -0.470547289 0.336026669
1403715411462142976.000000 0.481304795 -1.238680243 0.332997233 -0.665030301 -0.459398597 -0.469807625 0.354920387
1403715411962142976.000000 0.449691355 -1.230811477 0.306055248 -0.661463499 -0.473997116 -0.466097206 0.347197592
1403715412462142976.000000 0.420511603 -1.274567604 0.278855383 -0.666954815 -0.476459593 -0.459603727 0.341938466
1403715412712143104.000000 0.408905804 -1.299227834 0.267252475 -0.669961810 -0.479420960 -0.455870152 0.336881638
1403715413212143104.000000 0.391693801 -1.322529912 0.234416470 -0.666440904 -0.478560239 -0.462674677 0.335810542
1403715413462142976.000000 0.380524039 -1.327971458 0.159715608 -0.669335067 -0.469745189 -0.458662271 0.347791731
1403715413712143104.000000 0.377705961 -1.341313124 0.106423430 -0.665727735 -0.471381098 -0.464501917 0.344738185
1403715413962142976.000000 0.378557771 -1.361749172 0.051173136 -0.663294375 -0.475672156 -0.468514919 0.338038921
1403715414212143104.000000 0.369069517 -1.386547923 0.024178308 -0.670205772 -0.480107903 -0.459637731 0.330233127
1403715414462142976.000000 0.352785051 -1.395023465 0.041122478 -0.677032650 -0.485853285 -0.450786501 0.319945097
1403715414912143104.000000 0.312481493 -1.350157738 0.004245829 -0.675222576 -0.463525474 -0.457245708 0.346619546
1403715415362142976.000000 0.309755206 -1.323687911 -0.078698054 -0.679292977 -0.452538073 -0.464205295 0.343924195
1403715415662142976.000000 0.328806460 -1.326743841 -0.106092617 -0.670728564 -0.462348312 -0.484524399 0.318737149
1403715416012143104.000000 0.321299464 -1.324898601 -0.117343046 -0.670706809 -0.462745965 -0.485208362 0.317161500
1403715416412143104.000000 0.323475331 -1.323350191 -0.116177037 -0.673205316 -0.461939067 -0.483060479 0.316322029
1403715416912143104.000000 0.324083924 -1.325258613 -0.117934264 -0.673992038 -0.461705029 -0.482034087 0.316553861
1403715417412143104.000000 0.322391540 -1.326631308 -0.118582070 -0.673939228 -0.461412698 -0.482096434 0.316997230
1403715417912143104.000000 0.321632296 -1.327451110 -0.118712202 -0.674019694 -0.461196452 -0.482073426 0.317175895
1403715418412143104.000000 0.321737975 -1.327207923 -0.118220940 -0.674066484 -0.461063325 -0.482073188 0.317270309
