1403715886584058112.000000 0.000000000 0.000000000 0.000000000 -0.000000000 -0.000000000 -0.000000000 1.000000000
1403715893084058112.000000 -0.004193750 -0.007762639 0.000563087 0.000810441 0.000785620 0.000954206 0.999998927
1403715893684058112.000000 -0.007060332 -0.032016274 -0.014028382 0.040068187 -0.008876576 0.013220456 0.999070048
1403715894784058112.000000 -0.221646652 -0.239107147 -0.149393991 0.005961760 0.004416834 0.000652526 0.999972284
1403715895184058112.000000 -0.415379673 -0.357182682 -0.177020878 0.020717166 0.000421927 0.012054863 0.999712646
1403715895884058112.000000 -0.780789554 -0.535076797 -0.215179369 0.018761022 0.003712405 0.017181521 0.999669492
1403715897684058112.000000 -0.098517217 -0.825715780 -0.435121477 0.007476972 -0.011582651 0.050973408 0.998604834
1403715898134057984.000000 0.618540823 -0.829997838 -0.464173615 0.044149701 -0.003725101 0.047709569 0.997878134
1403715898434057984.000000 1.173411369 -0.838108778 -0.491469502 0.038837869 0.037355509 0.041757148 0.997673571
1403715898734057984.000000 1.675583839 -0.777989626 -0.539823890 0.015731007 0.099626072 0.062056739 0.992963314
1403715899184058112.000000 2.360197544 -0.536258280 -0.546681285 -0.007058048 0.148971900 0.078736983 0.985676467
1403715900084058112.000000 3.446238995 -0.418443590 -0.225388616 -0.019823143 0.157933518 0.015414494 0.987130404
1403715900684058112.000000 3.687307596 -0.602342427 0.295539081 0.012839514 0.147393897 0.057660628 0.987312257
1403715901134057984.000000 3.704530001 -0.762929916 0.629615843 0.092646353 0.151496515 0.051653687 0.982749939
1403715901584058112.000000 3.573762417 -0.816913962 0.646611750 0.071251787 0.150080577 0.069116607 0.983677745
1403715902484058112.000000 3.048621655 -0.765371978 0.172953710 0.015396127 0.157863989 0.054017499 0.985862076
1403715902984058112.000000 2.713273287 -0.665983379 -0.118363105 -0.022206727 0.084496096 0.057739761 0.994501591
1403715903434057984.000000 2.387910128 -0.581107318 -0.216922253 -0.034277577 0.006984533 0.017751016 0.999230325
1403715903734057984.000000 2.169569016 -0.646967113 -0.205665857 -0.027491724 -0.058887210 -0.003064981 0.997881353
1403715904384058112.000000 1.741255641 -1.076612234 -0.094663851 0.041127250 -0.287094772 -0.090229541 0.952755928
1403715904634057984.000000 1.618871689 -1.157251835 -0.025599957 0.070530370 -0.357591033 -0.136760429 0.921113849
1403715904784058112.000000 1.537056923 -1.184775829 0.008371383 0.074681178 -0.408339083 -0.146191224 0.897947669
1403715905184058112.000000 1.353648067 -1.104490042 0.028179109 0.094746098 -0.553974569 -0.169322729 0.809608042
1403715905834057984.000000 1.230302811 -0.596897066 0.247889638 0.071320944 -0.722237706 -0.248699680 0.641431570
1403715906484058112.000000 1.181873322 -0.308637023 0.115140200 0.105681717 -0.856218219 -0.352375537 0.362702727
1403715907434057984.000000 1.479499817 -0.137342989 -0.403937280 -0.085214734 0.917889178 0.376284122 0.092888154
1403715908334057984.000000 1.811734557 -0.234509349 -0.530962586 -0.001667138 0.812895775 0.334779143 0.476571769
1403715908884058112.000000 1.876067996 -0.336965919 -0.387104869 0.026148640 0.658416927 0.271835834 0.701362014
1403715909584058112.000000 1.711058855 -0.416276395 -0.103261709 0.015825767 0.444810599 0.181088269 0.876983583
1403715910034057984.000000 1.508370757 -0.457461685 0.148377702 0.071981713 0.231758803 0.111189745 0.963713348
1403715910184058112.000000 1.410221100 -0.470219731 0.228681207 0.081284076 0.142359987 0.079066038 0.983298063
1403715910884058112.000000 0.762701035 -0.562620521 0.340472192 0.090883739 -0.119126216 -0.030319812 0.988245845
1403715911234057984.000000 0.577063084 -0.606692910 0.251361251 0.081920765 -0.261053801 -0.060883142 0.959913135
1403715911384058112.000000 0.484380722 -0.566973031 0.181921110 0.078487813 -0.314177781 -0.077415146 0.942941606
1403715911484058112.000000 0.451576024 -0.559864819 0.128674656 0.065701365 -0.351529062 -0.085602172 0.929937065
1403715911784058112.000000 0.343762457 -0.456970245 -0.050007589 0.042264286 -0.434136868 -0.138370678 0.889152646
1403715912334057984.000000 0.199426576 -0.473391026 -0.517683327 0.036512442 -0.545400918 -0.172310516 0.819459438
1403715912784058112.000000 0.194467783 -0.483193845 -0.844075620 0.032595512 -0.647505343 -0.200249925 0.734557271
1403715913284058112.000000 0.184465885 -0.348187864 -1.177693129 0.050477289 -0.782912910 -0.243624777 0.570216060
1403715913934057984.000000 0.297469020 -0.230842561 -1.538357615 0.094597392 -0.816886961 -0.290194809 0.489422083
1403715916234057984.000000 0.348384619 0.468276739 -2.978776217 0.014932686 -0.724344015 -0.256847352 0.639634550
1403715916884058112.000000 -0.277387619 0.645214796 -3.077909470 -0.018636806 -0.615478635 -0.168931216 0.769610941
1403715917134057984.000000 -0.508463621 0.646654665 -3.054499626 -0.003972385 -0.594700933 -0.135704279 0.792401016
1403715917734057984.000000 -0.838020563 0.628524303 -2.895482779 0.032668903 -0.543545604 -0.124574319 0.829440892
1403715918634057984.000000 -0.643711805 0.731276035 -2.686124802 0.001769178 -0.475713134 -0.101494819 0.873723447
1403715918984058112.000000 -0.419225693 0.792079091 -2.569880486 -0.013737234 -0.432764560 -0.159854844 0.887114704
1403715921484058112.000000 -0.841525793 0.412323833 -2.538359642 0.013184416 -0.537511110 -0.186550155 0.822257280
1403715922084058112.000000 -0.972907543 0.022989254 -2.647141457 0.014301150 -0.538557172 -0.170645803 0.825004041
1403715922584058112.000000 -1.061256409 -0.356548965 -2.734099627 0.038791779 -0.540694356 -0.158562884 0.825228870
1403715923334057984.000000 -1.029930711 -0.653534472 -2.856633186 0.028898722 -0.536994338 -0.179662243 0.823725343
1403715924484058112.000000 -0.784536719 -0.422718883 -2.691773891 0.026999492 -0.545605004 -0.162071750 0.821777940
1403715924884058112.000000 -0.601327300 -0.245384634 -2.526085615 -0.000197382 -0.517126977 -0.136863723 0.844895244
1403715925134057984.000000 -0.473296046 -0.167530462 -2.375300169 0.035197608 -0.457083941 -0.107225291 0.882234752
1403715925484058112.000000 -0.216082871 -0.170448542 -2.206027508 0.014174414 -0.359873742 -0.067343257 0.930459499
1403715925834057984.000000 0.106968261 -0.205575690 -2.044101238 0.000431860 -0.249812484 -0.028604982 0.967871547
1403715926134057984.000000 0.426950663 -0.173089594 -1.864070654 0.029115679 -0.145143941 0.012329665 0.988905191
1403715926334057984.000000 0.738395452 -0.090659291 -1.760599136 0.051575489 -0.077046610 0.047166716 0.994574845
1403715926584058112.000000 1.082270384 0.019132152 -1.624955177 0.069756627 0.025236616 0.057394281 0.995591819
1403715927134057984.000000 1.816848278 0.240469530 -1.586126685 0.014047092 0.194374427 0.079606391 0.977590978
1403715928134057984.000000 2.320578098 0.484931827 -1.815612078 0.039374791 0.493705660 0.152855217 0.855183959
1403715928434057984.000000 2.207757235 0.678876579 -1.955999255 0.048465922 0.605510294 0.203426376 0.767871201
1403715928834057984.000000 1.884227037 0.916755378 -2.173642874 -0.017837349 0.655620217 0.283457547 0.699639738
1403715932134057984.000000 3.155638456 0.511215031 -2.537652493 0.007679911 0.620425582 0.215372026 0.754074275
1403715933984058112.000000 2.623412371 -0.135181129 -2.695024967 -0.136376217 0.583239555 0.351555049 0.719473660
1403715934184058112.000000 2.921529770 -0.261451542 -2.737750053 -0.006356883 0.639303207 0.241323933 0.730077982
1403715934284058112.000000 3.056114912 -0.284267128 -2.717703342 0.047664322 0.659765065 0.192528307 0.724824786
1403715934434057984.000000 3.228092909 -0.386415839 -2.647955418 0.092483856 0.680791795 0.151902288 0.710559726
1403715935684058112.000000 1.863311052 -0.251154125 -2.756144524 -0.129580617 0.582558393 0.345069110 0.724404514
1403715938784058112.000000 1.981406331 0.123357654 -1.800097823 -0.028984424 0.334003955 0.147215843 0.930552959
1403715939384058112.000000 2.452836514 -0.070422694 -1.205088973 0.016046030 0.319323868 0.128726512 0.938724816
1403715939734057984.000000 2.708029509 -0.205000192 -0.846694291 0.147688210 0.343098313 0.080278575 0.924135864
1403715940634057984.000000 2.303310394 -0.495086610 -1.114185572 -0.155287042 0.300262541 0.206432432 0.918212414
1403715940984058112.000000 2.339740038 -0.684603870 -1.010120034 -0.168997496 0.302003384 0.205050901 0.915526032
1403715941134057984.000000 2.487603426 -0.873513222 -0.849296153 -0.050922737 0.331760228 0.160379872 0.928235114
1403715941284058112.000000 2.608744621 -0.999985814 -0.682213128 0.077032693 0.354532450 0.117965907 0.924368322
1403715941484058112.000000 2.746680498 -1.163114071 -0.497116446 0.160719186 0.360704094 0.100917988 0.913168967
1403715942184058112.000000 2.524428129 -1.017199993 -0.603412688 0.102740645 0.350975901 0.123085067 0.922556400
1403715942734057984.000000 1.993526101 -0.327857137 -1.061203241 -0.153258488 0.299213320 0.207199559 0.918722808
1403715943234057984.000000 2.055356979 0.014041848 -0.923792005 -0.098130815 0.306296736 0.158556551 0.933494747
1403715944184058112.000000 2.249615192 -0.055665672 -0.685487747 0.063945159 0.302110195 0.135533586 0.941419721
1403715944484058112.000000 2.080394745 -0.069031626 -0.945588887 -0.110047497 0.223632455 0.163620457 0.954518974
1403715944684058112.000000 2.040135384 -0.069981158 -1.026974201 -0.147833884 0.164295256 0.151771888 0.963388562
1403715944884058112.000000 2.075788021 -0.137473360 -1.001014590 -0.135113850 0.114234880 0.109272264 0.978138149
1403715944984058112.000000 2.104386806 -0.170939386 -0.951359689 -0.074840926 0.100064188 0.065596841 0.989991426
1403715945184058112.000000 2.196932316 -0.302112460 -0.809619784 0.061491922 0.081745163 0.008272126 0.994720101
1403715945384058112.000000 2.251803875 -0.413629532 -0.712584257 0.139894754 0.079906195 -0.009967499 0.986886561
1403715945584058112.000000 2.235284328 -0.466708928 -0.704159141 0.183750853 0.082706191 0.001612750 0.979485989
1403715945634057984.000000 2.215882063 -0.303575963 -0.660380423 0.193904474 0.083199076 0.008495609 0.977449179
1403715946084058112.000000 2.088034391 -0.517408550 -1.011962175 -0.098571643 0.061928939 0.048316214 0.992025197
1403715946534057984.000000 1.989930630 -0.683739126 -0.945203424 -0.060343292 -0.002051878 0.008024001 0.998143315
1403715946734057984.000000 1.922419310 -0.834451020 -0.790459692 0.060403407 -0.016537946 0.004066891 0.998028755
1403715946934057984.000000 1.861630559 -0.953778982 -0.667852640 0.115642764 -0.024674391 0.004775531 0.992972910
1403715947084058112.000000 1.816407919 -1.012903929 -0.617512703 0.150249898 -0.023761867 0.005719259 0.988345921
1403715947634057984.000000 1.691806436 -0.915701985 -0.906376898 0.038763359 -0.020373095 0.035197724 0.998420477
1403715947884058112.000000 1.662937164 -0.705750346 -1.108413100 -0.079459928 -0.025924908 0.031891804 0.995990455
1403715947934057984.000000 1.668505430 -0.652680099 -1.135893226 -0.095550671 -0.027764820 0.027593486 0.994654655
1403715947984058112.000000 1.662983179 -0.626857936 -1.157326937 -0.114206724 -0.028112337 0.022488128 0.992804527
1403715948034057984.000000 1.657187939 -0.591361225 -1.171592474 -0.130835339 -0.029192660 0.018544635 0.990800679
1403715948234057984.000000 1.635560513 -0.480780274 -1.163788438 -0.163437679 -0.033793159 0.008070727 0.985941708
1403715948434057984.000000 1.616357207 -0.470667243 -1.024694204 -0.083157778 -0.035707623 0.013085665 0.995810509
1403715948634057984.000000 1.587131977 -0.485025823 -0.815701187 0.027986003 -0.024293270 0.010660379 0.999256253
1403715948984058112.000000 1.555074215 -0.492379606 -0.504615068 0.133732364 -0.017106753 0.012867338 0.990786314
1403715949134057984.000000 1.541175604 -0.471753597 -0.460183084 0.149991035 -0.035306551 0.011364651 0.987991393
1403715949334057984.000000 1.541103721 -0.442229837 -0.473892629 0.062522754 -0.075701706 -0.002916994 0.995164156
1403715949584058112.000000 1.517478228 -0.349386752 -0.548737764 -0.061720856 -0.113730192 -0.032928564 0.991045773
1403715949884058112.000000 1.482854605 -0.341441393 -0.514631152 -0.115725040 -0.169103488 -0.077433601 0.975712955
1403715950134057984.000000 1.378065348 -0.406758606 -0.341010332 -0.050586320 -0.209664226 -0.130513251 0.967702568
1403715950384058112.000000 1.198137403 -0.524029970 -0.121870704 0.087930568 -0.250872970 -0.086677000 0.960113585
1403715950584058112.000000 1.054747820 -0.610229075 0.012259949 0.158849418 -0.257094055 -0.059590384 0.951377153
1403715950684058112.000000 1.000558376 -0.647751391 0.045240171 0.175373629 -0.257907361 -0.052080970 0.948691428
1403715950934057984.000000 0.954989552 -0.693597496 -0.017390810 0.196111113 -0.263676077 -0.041811835 0.943539679
1403715951034057984.000000 0.955795169 -0.623130560 -0.051836073 0.164172679 -0.270560354 -0.042127848 0.947665393
1403715951284058112.000000 1.015201330 -0.602813900 -0.337219357 -0.001399689 -0.276803583 -0.090647690 0.956640422
1403715951484058112.000000 1.064987063 -0.543878794 -0.530661643 -0.085222922 -0.295710921 -0.126096293 0.943075776
1403715951734057984.000000 1.031081438 -0.562110841 -0.665292978 -0.142866179 -0.327333212 -0.158179462 0.920554996
1403715951934057984.000000 0.896062613 -0.621853173 -0.673377872 -0.111665286 -0.362562954 -0.161076084 0.911116660
1403715952034057984.000000 0.805573761 -0.670310378 -0.639263809 -0.048934944 -0.390498847 -0.143501356 0.908032775
1403715952184058112.000000 0.662203670 -0.698093712 -0.584868491 0.052773573 -0.430764496 -0.110033564 0.894175351
1403715952334057984.000000 0.524589002 -0.742475390 -0.548866749 0.108300544 -0.455381393 -0.091988005 0.878883958
1403715952534057984.000000 0.432967246 -0.805254102 -0.481557250 0.153504074 -0.481685370 -0.080479287 0.859033644
1403715952684058112.000000 0.423175603 -0.833152235 -0.477607518 0.183390632 -0.498073310 -0.068705283 0.844730973
1403715952884058112.000000 0.490222216 -0.802470088 -0.482845515 0.232823223 -0.506472349 -0.051531971 0.828627527
1403715952934057984.000000 0.534268975 -0.771562576 -0.481426179 0.236027688 -0.501796603 -0.069257155 0.829273522
1403715952984058112.000000 0.605507314 -0.757862628 -0.496171415 0.222991407 -0.495789617 -0.096160471 0.833798945
1403715953184058112.000000 0.858046591 -0.789780438 -0.584147930 0.077417910 -0.485108227 -0.185695991 0.850995600
1403715953484058112.000000 1.189531088 -0.698228121 -0.642313719 -0.039717708 -0.471647620 -0.254743159 0.843253791
1403715953784058112.000000 1.274755120 -0.671418190 -0.610265911 -0.080618910 -0.496625960 -0.309095025 0.807046175
1403715954084058112.000000 1.048000336 -0.697630882 -0.450611353 0.072245821 -0.530939579 -0.330625832 0.776897848
1403715954434057984.000000 0.544624865 -0.689638734 -0.453870624 0.200261280 -0.583270967 -0.191083878 0.763660491
1403715955334057984.000000 0.758620441 -0.441025466 -0.783170462 0.024793016 -0.562435985 -0.263875067 0.783212006
1403715955534057984.000000 0.880466819 -0.379733443 -0.888552427 -0.038511433 -0.546348274 -0.289139092 0.785123587
1403715956034057984.000000 0.756617785 -0.429198861 -0.931126237 0.091452040 -0.657148957 -0.248803034 0.705612421
1403715956334057984.000000 0.564512014 -0.522720635 -1.010089517 0.178634733 -0.728519082 -0.236425534 0.617618442
1403715957234057984.000000 1.307570457 -0.634085178 -1.045367002 0.041691892 -0.757114053 -0.369715571 0.536982775
1403715957484058112.000000 1.555488706 -0.578362107 -0.994367480 -0.030776473 -0.711940706 -0.443742245 0.543402314
1403715957634057984.000000 1.617216229 -0.515863121 -0.991530538 -0.049448956 -0.692414463 -0.471984893 0.543458641
1403715957884058112.000000 1.512434721 -0.379851192 -1.062600255 0.007026665 -0.730516434 -0.419279456 0.538981676
1403715958234057984.000000 1.160739660 -0.200847730 -1.280837297 0.131160110 -0.831736028 -0.256953210 0.474328250
1403715958584058112.000000 1.079081893 -0.002789795 -1.411971807 0.168057501 -0.884132743 -0.180202812 0.396979749
1403715958984058112.000000 1.366280556 0.074016824 -1.241717815 0.032326974 -0.896524608 -0.298155129 0.326040089
1403715959384058112.000000 1.642043114 0.080957964 -0.902843535 0.027953172 -0.846175909 -0.472422063 0.244994774
1403715959584058112.000000 1.697626948 0.097587332 -0.820813477 0.025020532 -0.818034470 -0.530508399 0.220804319
1403715959784058112.000000 1.684225678 0.121292114 -0.904738605 0.043256540 -0.849300325 -0.490997463 0.189048588
1403715960134057984.000000 1.609962225 0.162700355 -1.265781641 0.081278808 -0.944715738 -0.285109282 0.140066713
1403715960484058112.000000 1.621629715 0.141198337 -1.382142305 0.102616861 -0.965877652 -0.200614333 0.127687350
1403715960784058112.000000 1.739546776 0.018781304 -1.169206262 0.087666556 -0.923608541 -0.343510240 0.145817205
1403715961134057984.000000 1.955024958 -0.151767641 -0.890295267 0.061246779 -0.829041958 -0.528766572 0.171301290
1403715961284058112.000000 2.032707453 -0.195793375 -0.879975915 0.039539069 -0.810336947 -0.555942833 0.180881962
1403715961484058112.000000 2.074799776 -0.208960295 -1.006775856 0.018798700 -0.854458928 -0.490649313 0.169734612
1403715961734057984.000000 2.093419552 -0.212813854 -1.317852259 0.046331860 -0.919997931 -0.373887032 0.108007543
1403715961984058112.000000 2.082557678 -0.166173160 -1.549449205 0.077387884 -0.959438622 -0.267010897 0.046838060
1403715962134057984.000000 2.096901178 -0.161739171 -1.624233484 0.072754569 -0.976244986 -0.203592584 0.014234808
1403715962534057984.000000 2.115928173 -0.188052714 -1.353840590 0.001884443 0.961116552 0.269274652 0.061176680
1403715962984058112.000000 1.964777589 -0.251416028 -0.632690907 0.006431415 0.877522647 0.461301625 0.130818486
1403715963234057984.000000 1.775963426 -0.159692526 -0.275921345 -0.062050100 0.815824986 0.545110106 0.182850569
1403715963884058112.000000 1.644790769 0.355236113 -0.053654909 -0.019022718 0.877350450 0.339094847 0.338982493
1403715966134057984.000000 2.092978716 0.102406919 -0.545773268 0.024712170 0.893058658 0.244924560 0.376626492
1403715968184058112.000000 2.123936415 -0.679235220 -0.197891951 -0.049029332 0.761721671 0.475314885 0.437552273
1403715969084058112.000000 1.822070837 -0.483005524 0.056612730 0.022124603 0.840502322 0.295881063 0.453343987
1403715969384058112.000000 1.514417648 -0.441068292 0.268590331 -0.085407726 0.755444825 0.474426657 0.443765849
1403715970434057984.000000 2.068261623 -0.324761540 0.375417233 0.074539803 0.854598761 0.220399007 0.464251101
1403715970784058112.000000 2.000266075 -0.441467643 0.590245605 0.039221428 0.788222373 0.394540280 0.470643342
1403715971034057984.000000 1.869287491 -0.528815627 0.668145299 -0.029379530 0.718455076 0.524636447 0.455758423
1403715971584058112.000000 2.149080515 -0.559762895 0.318423033 -0.072629631 0.757405221 0.287902594 0.581527650
1403715971834057984.000000 2.410719633 -0.653750598 0.212772369 -0.000269743 0.731846690 0.231681809 0.640877426
1403715973784058112.000000 1.285581470 -0.939750373 0.125051975 -0.007598632 0.612928510 0.385364503 0.689750135
1403715975584058112.000000 1.500266194 -0.210132241 -0.923075259 0.002061728 0.633767009 0.278585464 0.721613050
1403715977584058112.000000 2.160801888 -0.244820535 -0.925058365 0.011673173 0.471738607 0.212773576 0.855601430
1403715978084058112.000000 2.212798595 -0.368804514 -0.615376949 0.038537212 0.297388971 0.111300193 0.947463453
1403715978384058112.000000 2.150989771 -0.436975718 -0.421308547 0.059263017 0.182807609 0.036681682 0.980675161
1403715978684058112.000000 1.981599808 -0.511244178 -0.253954321 0.082174756 0.041484952 0.029985433 0.995302558
1403715979134057984.000000 1.718210459 -0.634993136 -0.015529039 0.083080553 -0.171673015 -0.056463625 0.980019331
1403715979234057984.000000 1.634224534 -0.675933480 0.007048767 0.099877171 -0.221628964 -0.068966135 0.967547834
1403715979434057984.000000 1.472842932 -0.721827447 0.017120115 0.132503629 -0.308004290 -0.116099097 0.934931636
1403715979584058112.000000 1.358686566 -0.758329630 -0.002378717 0.131476104 -0.363982737 -0.151371971 0.909569740
1403715979834057984.000000 1.169858456 -0.778858900 -0.111811608 0.132611349 -0.460735768 -0.184971124 0.857859254
1403715980034057984.000000 1.030643702 -0.792546988 -0.181186110 0.143598691 -0.550145328 -0.199423462 0.798091292
1403715980384058112.000000 0.925695181 -0.729106367 -0.368248999 0.133905292 -0.695591331 -0.227277040 0.668256879
1403715980834057984.000000 1.040687084 -0.391015708 -1.132562637 0.107346706 -0.811643004 -0.248101532 0.517839670
1403715981434057984.000000 1.432742834 -0.204254746 -1.710223913 0.060732760 -0.933412552 -0.290185541 0.202101454
1403715981984058112.000000 1.822092891 -0.183074832 -1.652131557 -0.040530279 0.935010731 0.326697528 0.131837264
1403715982584058112.000000 2.075551033 -0.393549562 -1.272570848 -0.010167423 0.849945009 0.315435767 0.421889096
1403715983034057984.000000 2.238840818 -0.615340829 -0.789457679 0.016194440 0.735595226 0.276670516 0.618134975
1403715983334057984.000000 2.262556553 -0.754571438 -0.426464438 0.038942233 0.636764288 0.237049386 0.732681692
1403715983634057984.000000 2.216773033 -0.758972049 -0.328996360 0.096752733 0.479918122 0.170949116 0.855040312
1403715983934057984.000000 1.869721651 -1.216764688 0.285523057 0.108059786 0.404417753 0.147266865 0.896148324
1403715984084058112.000000 1.749888182 -1.281990290 0.386646688 0.109051704 0.344048977 0.137327209 0.922431171
1403715984334057984.000000 1.526926398 -1.331312060 0.431891561 0.101267599 0.243368015 0.118935883 0.957272768
1403715984534057984.000000 1.341383934 -1.351076245 0.393962562 0.094989695 0.168565601 0.089522526 0.977009892
1403715984634057984.000000 1.244665980 -1.353019238 0.346164644 0.074825875 0.130164400 0.070700124 0.986133814
1403715984684058112.000000 1.208184004 -1.354796529 0.327368677 0.065267183 0.107281819 0.063256346 0.990065396
1403715984734057984.000000 1.160995364 -1.351377130 0.306035519 0.058918476 0.085435219 0.055454992 0.993052959
1403715984784058112.000000 1.118791938 -1.350291252 0.281226069 0.055223789 0.059371401 0.051307630 0.995385826
1403715984834057984.000000 1.068193316 -1.335590243 0.254698575 0.058497779 0.034706954 0.046291661 0.996609509
1403715984884058112.000000 1.031350374 -1.330127001 0.230476186 0.059140638 0.009048104 0.041754819 0.997334957
1403715984984058112.000000 0.933570564 -1.323765755 0.177233323 0.061347038 -0.030719904 0.029103426 0.997219026
1403715985034057984.000000 0.902291894 -1.325113654 0.147500277 0.061279822 -0.049863320 0.018881040 0.996695518
1403715985084058112.000000 0.863191426 -1.330930829 0.116864666 0.059442729 -0.064453222 0.009519756 0.996103287
1403715985134057984.000000 0.853269994 -1.328943133 0.092837736 0.058167875 -0.081582911 -0.000977910 0.994967222
1403715985284058112.000000 0.765154719 -1.288511395 -0.008311925 0.064201869 -0.098454855 -0.027990118 0.992673814
1403715985434057984.000000 0.674154162 -1.264049649 -0.110386699 0.063333109 -0.096048728 -0.040294416 0.992542148
1403715985584058112.000000 0.597127676 -1.229286313 -0.243776754 0.040658552 -0.083594389 -0.020837354 0.995451987
1403715986034057984.000000 0.301754087 -1.086387873 -0.540644109 -0.025403988 -0.040100694 0.043981791 0.997903883
1403715989184058112.000000 -0.012065688 -0.126643300 -0.517395258 0.002495920 0.025223302 0.038926132 0.998920560
1403715990234057984.000000 0.158763260 -0.089372374 -0.457908452 0.021353615 0.030594990 0.019309914 0.999117196
1403715990384058112.000000 0.164499536 -0.066894829 -0.450853527 0.019645868 0.030165678 0.016439829 0.999216616
1403715990484058112.000000 0.164788246 -0.045908958 -0.444274336 0.016453324 0.029818477 0.014634924 0.999312758
1403715990534057984.000000 0.163010225 -0.032080032 -0.440373600 0.016060673 0.029570319 0.014449573 0.999329209
1403715990584058112.000000 0.160280481 -0.017209969 -0.435525924 0.014130346 0.029557869 0.013088315 0.999377489
1403715990634057984.000000 0.156438679 -0.001201896 -0.429771453 0.011411306 0.029415388 0.013595227 0.999409676
1403715990684058112.000000 0.152107969 0.014624222 -0.423864961 0.008328227 0.029519444 0.012151045 0.999455631
1403715990734057984.000000 0.146487534 0.030479180 -0.419444382 0.005506870 0.028878566 0.012410981 0.999490738
1403715990884058112.000000 0.123309292 0.075166114 -0.395605385 -0.001205263 0.029351173 0.009793544 0.999520481
1403715991084058112.000000 0.074080251 0.110329650 -0.370371878 0.003507894 0.028422972 0.010148278 0.999538302
1403715991184058112.000000 0.044360656 0.108067036 -0.333210230 0.013475728 0.030345811 0.010442755 0.999394059
1403715993584058112.000000 0.029723549 0.103488892 -0.337121934 0.016499937 0.029471528 0.019188045 0.999245226
