1403715894084058112.000000 0.180175304 -1.319396615 0.704975426 -0.511299431 -0.650254488 -0.345918596 0.442811996
1403715896484058112.000000 -0.816320658 -1.516937494 1.274301052 -0.537808180 -0.608944654 -0.317514628 0.489012480
1403715896634057984.000000 -0.831348062 -1.523229122 1.305649757 -0.539469957 -0.600429296 -0.313447714 0.500207424
1403715896684058112.000000 -0.828470647 -1.525061727 1.316504240 -0.539313078 -0.598578155 -0.313371241 0.502637148
1403715896784058112.000000 -0.810911775 -1.529184103 1.337162137 -0.541153431 -0.597781599 -0.309031337 0.504291415
1403715897234057984.000000 -0.508678317 -1.519549608 1.428783536 -0.558696389 -0.595339537 -0.278589070 0.505783856
1403715898034057984.000000 0.645849288 -1.309662223 1.576109648 -0.527434289 -0.618168890 -0.334842205 0.477033585
1403715898084058112.000000 0.728931546 -1.292545915 1.584684730 -0.523016512 -0.616510451 -0.342435330 0.478650987
1403715898184058112.000000 0.898327172 -1.259802103 1.601151586 -0.517371356 -0.611330569 -0.358336449 0.479788482
1403715898284058112.000000 1.070693254 -1.231514812 1.615105510 -0.518864691 -0.606758296 -0.371790409 0.473704338
1403715899384058112.000000 2.814359426 -1.063564301 1.351440191 -0.623727977 -0.569237232 -0.407862961 0.347246736
1403715900084058112.000000 3.552454948 -0.618216336 1.269755363 -0.584948182 -0.588671327 -0.442673385 0.339620501
1403715900184058112.000000 3.614239931 -0.528459251 1.262814283 -0.580474854 -0.591032982 -0.447626054 0.336689681
1403715900284058112.000000 3.660399675 -0.434821337 1.256888986 -0.577372432 -0.592719018 -0.450624734 0.335056305
1403715900384058112.000000 3.690194368 -0.337788165 1.252097845 -0.576720297 -0.594002247 -0.450975239 0.333431333
1403715900484058112.000000 3.703031301 -0.237888604 1.247802854 -0.583488464 -0.588648975 -0.442874402 0.341900557
1403715900584058112.000000 3.701681137 -0.135192499 1.247422338 -0.588657856 -0.575555265 -0.437343508 0.361868501
1403715900684058112.000000 3.691766977 -0.031678997 1.249153256 -0.591915905 -0.558498979 -0.434030533 0.386434972
1403715900884058112.000000 3.661674738 0.160800964 1.257385492 -0.577517629 -0.534856081 -0.454019338 0.417455226
1403715900984058112.000000 3.643239498 0.240770757 1.263477802 -0.569704533 -0.530510843 -0.465387106 0.421200633
1403715901084058112.000000 3.621276617 0.305471987 1.273114085 -0.562315583 -0.524386525 -0.475105315 0.427895933
1403715901284058112.000000 3.565597773 0.378869772 1.299544215 -0.555471778 -0.512533426 -0.485016614 0.439908653
1403715901584058112.000000 3.462961197 0.342790067 1.342374325 -0.582277358 -0.524706125 -0.457456827 0.419964194
1403715901684058112.000000 3.427134275 0.303799272 1.359889865 -0.584059834 -0.526958406 -0.456478119 0.415712357
1403715901784058112.000000 3.389896393 0.254820883 1.374330521 -0.588820755 -0.531381249 -0.451288253 0.408978164
1403715901884058112.000000 3.351473331 0.198860407 1.387681127 -0.593070328 -0.537130475 -0.445649534 0.401441097
1403715901984058112.000000 3.311746359 0.137276337 1.398899913 -0.595837653 -0.539369524 -0.441336662 0.399098992
1403715902084058112.000000 3.271098375 0.070549801 1.409877777 -0.594420612 -0.538763821 -0.442659020 0.400563061
1403715902284058112.000000 3.184037447 -0.074071169 1.424319625 -0.589180171 -0.548091471 -0.447857499 0.389725834
1403715902384058112.000000 3.135448217 -0.151154980 1.429311752 -0.590233862 -0.554658413 -0.445630878 0.381302088
1403715902584058112.000000 3.023538828 -0.308762074 1.440294027 -0.602217078 -0.556093216 -0.426445544 0.382412404
1403715902684058112.000000 2.962869883 -0.385812014 1.446063042 -0.605619133 -0.559308648 -0.413784862 0.386240155
1403715902884058112.000000 2.841701508 -0.527078688 1.432829618 -0.598314703 -0.584329963 -0.385560513 0.389770746
1403715902984058112.000000 2.782104015 -0.586670160 1.414389253 -0.585809588 -0.600330651 -0.377625972 0.392210215
1403715903934057984.000000 2.110127687 -0.722631037 1.514365673 -0.441364199 -0.702876925 -0.277860403 0.483689368
1403715905184058112.000000 1.329063892 -0.480986983 1.716467738 -0.025031596 -0.784117699 -0.035358176 0.619098306
1403715905284058112.000000 1.299964905 -0.489844710 1.668842793 0.009644283 -0.784555376 -0.020332878 0.619650245
1403715905384058112.000000 1.283506274 -0.502929211 1.620693564 0.040151458 -0.792767823 -0.005564858 0.608174384
1403715905484058112.000000 1.277078032 -0.522051096 1.576121926 0.067674771 -0.799231112 0.011498751 0.597090960
1403715905634057984.000000 1.279642224 -0.562829077 1.512551188 0.101748787 -0.806007564 0.048398696 0.581082165
1403715905734057984.000000 1.286253929 -0.596100032 1.472952127 0.120382376 -0.807969868 0.084106565 0.570630372
1403715906134057984.000000 1.308384776 -0.733455300 1.327640295 0.273439318 -0.792347670 0.183583647 0.513530195
1403715906284058112.000000 1.300681829 -0.792701602 1.287051797 0.343225598 -0.756212771 0.209874064 0.516034186
1403715906484058112.000000 1.297836185 -0.889632821 1.234417558 0.421483576 -0.711449444 0.254799098 0.501267135
1403715906584058112.000000 1.303847790 -0.945989728 1.213642359 0.452943414 -0.688086808 0.281738102 0.491937459
1403715906684058112.000000 1.316294670 -1.005411863 1.204095125 0.476613641 -0.667937219 0.316680819 0.475828439
1403715907084058112.000000 1.391470790 -1.224984884 1.195469737 0.587770343 -0.561096787 0.420560747 0.403515965
1403715907784058112.000000 1.633129239 -1.427368164 1.300174952 0.747685432 -0.311113983 0.529032588 0.253572792
1403715908384058112.000000 1.876095533 -1.352360368 1.390664816 0.792977512 -0.113420531 0.593355179 0.079070590
1403715910534057984.000000 1.064381123 -0.533817708 0.995354712 -0.472200274 -0.635265946 -0.378819942 0.479540944
1403715910584058112.000000 1.026639819 -0.529570341 0.984228075 -0.456916213 -0.643853188 -0.370630682 0.489196777
1403715910634057984.000000 0.989220440 -0.527705669 0.973261893 -0.443156481 -0.652739763 -0.360887170 0.497296363
1403715910684058112.000000 0.952490926 -0.528793871 0.963489056 -0.429991454 -0.661637723 -0.350792259 0.504269540
1403715910784058112.000000 0.879164755 -0.536448181 0.946597040 -0.405251801 -0.678578317 -0.328929871 0.516824663
1403715910884058112.000000 0.808240891 -0.553128421 0.933214843 -0.379719913 -0.693489790 -0.307808757 0.529281020
1403715910984058112.000000 0.741115272 -0.580264866 0.920124054 -0.355296761 -0.708330691 -0.284038246 0.539772332
1403715911084058112.000000 0.678212404 -0.616493523 0.909222484 -0.328990817 -0.718729794 -0.261668414 0.553825021
1403715911184058112.000000 0.621034145 -0.661008477 0.899851084 -0.300649971 -0.726291120 -0.240450829 0.569468379
1403715911284058112.000000 0.571282923 -0.713832259 0.890838861 -0.271261275 -0.736608386 -0.217505425 0.580100775
1403715911384058112.000000 0.529984415 -0.774160147 0.881897509 -0.244397253 -0.748596072 -0.191372871 0.585875690
1403715911484058112.000000 0.496984184 -0.839893460 0.871489942 -0.219367474 -0.761557460 -0.164451823 0.587251127
1403715911584058112.000000 0.472476363 -0.909347475 0.859253883 -0.195856839 -0.776747406 -0.138025358 0.582454026
1403715911634057984.000000 0.463027328 -0.944756031 0.853264093 -0.182589725 -0.784098625 -0.127457336 0.579314232
1403715911734057984.000000 0.448198199 -1.017134190 0.845260262 -0.152959675 -0.796930611 -0.112290591 0.573494375
1403715911834057984.000000 0.436183751 -1.091217995 0.849380851 -0.123365708 -0.804961801 -0.099013112 0.571851134
1403715912034057984.000000 0.418393165 -1.246553540 0.895405769 -0.076926306 -0.811350346 -0.067611776 0.575518608
1403715912134057984.000000 0.411723375 -1.326152921 0.929707646 -0.062008325 -0.812299728 -0.049304467 0.577834964
1403715912234057984.000000 0.406258225 -1.406404614 0.962522566 -0.047535099 -0.812856436 -0.032581177 0.579606235
1403715912434057984.000000 0.411871076 -1.586668611 1.070630431 -0.023975857 -0.813879967 0.002167472 0.580534220
1403715912534057984.000000 0.412880272 -1.676286340 1.102912545 -0.005521674 -0.813970506 0.016443536 0.580647171
1403715912634057984.000000 0.414391607 -1.764263988 1.133060694 0.015886962 -0.814115465 0.033818934 0.579499781
1403715912734057984.000000 0.416766346 -1.850609660 1.162677765 0.042043541 -0.812408566 0.053124420 0.579139292
1403715912834057984.000000 0.420206964 -1.935224414 1.191621423 0.073832184 -0.809408844 0.075897083 0.577620864
1403715912934057984.000000 0.424684674 -2.017833710 1.211445332 0.110541463 -0.804779053 0.101053871 0.574368775
1403715913034057984.000000 0.431031942 -2.097575188 1.217424512 0.146605417 -0.798345745 0.127622560 0.569967985
1403715913134057984.000000 0.438598394 -2.174965620 1.210967064 0.183090985 -0.789937496 0.151558712 0.565249085
1403715913434057984.000000 0.476276606 -2.386600494 1.179980516 0.280712157 -0.745286405 0.197222412 0.571709931
1403715913634057984.000000 0.536062837 -2.508191824 1.165711761 0.319387376 -0.717684269 0.187795237 0.589621961
1403715913734057984.000000 0.587541103 -2.568866253 1.159196734 0.328531832 -0.711686432 0.181616142 0.593788624
1403715913834057984.000000 0.656141698 -2.632789135 1.152433872 0.328742921 -0.718278170 0.182749093 0.585326731
1403715914234057984.000000 1.054075480 -2.926515102 1.160676599 0.305139929 -0.749771714 0.185554802 0.557047129
1403715914584058112.000000 1.454797745 -3.224739790 1.187260389 0.245161727 -0.806652367 0.165426239 0.511704922
1403715914684058112.000000 1.554588556 -3.318317890 1.196471334 0.219059512 -0.820827901 0.162390798 0.501880109
1403715914834057984.000000 1.679610610 -3.462213278 1.206222773 0.167088732 -0.842747509 0.173419997 0.481439114
1403715914984058112.000000 1.761680484 -3.598859310 1.215162039 0.129693449 -0.854475260 0.182616621 0.468724817
1403715915134057984.000000 1.787929654 -3.716388464 1.225828052 0.111458607 -0.857109547 0.185831726 0.467340201
1403715915284058112.000000 1.756054997 -3.808934689 1.242023230 0.116020173 -0.844959676 0.174129993 0.492200524
1403715915434057984.000000 1.685379505 -3.882329702 1.251945138 0.142650262 -0.825981021 0.144344792 0.525900185
1403715915734057984.000000 1.506980419 -4.017068386 1.179436326 0.170283675 -0.808929622 0.121552318 0.549419224
1403715916034057984.000000 1.302175045 -4.170041561 1.078631043 0.172651500 -0.816311955 0.132619217 0.535012662
1403715916184058112.000000 1.180140495 -4.251746178 1.038401484 0.164067164 -0.811378956 0.129385442 0.545898855
1403715916334057984.000000 1.053928018 -4.329228878 0.998164654 0.138057023 -0.811027884 0.113398649 0.557059109
1403715916484058112.000000 0.926075697 -4.402747154 0.958386898 0.098077357 -0.814594090 0.094881609 0.563750565
1403715916634057984.000000 0.798317909 -4.470395565 0.919135988 0.051114041 -0.821111202 0.072559305 0.563825369
1403715916734057984.000000 0.712826371 -4.511234283 0.893966973 0.017985329 -0.823487163 0.063730404 0.563457131
1403715916834057984.000000 0.626022279 -4.547175884 0.870633066 -0.011002781 -0.824274242 0.059517395 0.562946498
1403715916934057984.000000 0.537879586 -4.575260162 0.851183891 -0.037687954 -0.821629107 0.061561104 0.565433919
1403715917134057984.000000 0.357881129 -4.593226910 0.827114642 -0.062704295 -0.805392861 0.046066627 0.587612450
1403715917234057984.000000 0.271359950 -4.581319332 0.823733330 -0.056902327 -0.790380120 0.007968152 0.609916329
1403715917334057984.000000 0.196864247 -4.565023422 0.817909360 -0.058898527 -0.781481266 -0.022571072 0.620732427
1403715917584058112.000000 0.058248345 -4.532176495 0.807278514 -0.084522150 -0.792088032 -0.029565977 0.603803277
1403715918134057984.000000 -0.038354285 -4.425361156 0.737267971 -0.079457797 -0.777858377 -0.043458302 0.621879637
1403715918234057984.000000 -0.013636257 -4.400413036 0.728834450 -0.085250929 -0.777827919 -0.056784887 0.620073915
1403715918584058112.000000 0.148534536 -4.326120377 0.628722906 -0.169769034 -0.793300033 -0.045454361 0.582912982
1403715918684058112.000000 0.208079278 -4.296416759 0.581241012 -0.181043997 -0.795599043 -0.055251528 0.575493276
1403715918834057984.000000 0.301981181 -4.239037037 0.533489287 -0.176435962 -0.805227757 -0.083310708 0.559944689
1403715918984058112.000000 0.391465187 -4.175810814 0.516668141 -0.170033306 -0.823070228 -0.098036304 0.532947540
1403715919134057984.000000 0.459648490 -4.110950470 0.530173481 -0.162177593 -0.835292280 -0.107819632 0.514159620
1403715919284058112.000000 0.496509492 -4.048082829 0.556117177 -0.137756273 -0.832254827 -0.134321123 0.519935608
1403715919884058112.000000 0.449850053 -3.947707415 0.446328342 -0.142336249 -0.810620725 -0.122324184 0.554681182
1403715920034057984.000000 0.412670523 -3.954571247 0.388999611 -0.144136459 -0.817813993 -0.116960883 0.544724882
1403715920184058112.000000 0.363124967 -3.972214222 0.361946195 -0.147402093 -0.823162138 -0.108088098 0.537581444
1403715920334057984.000000 0.296408325 -3.995156050 0.369187236 -0.149610355 -0.819088697 -0.093347140 0.545890808
1403715920484058112.000000 0.218898952 -4.019261837 0.399170697 -0.148165882 -0.809837580 -0.081185311 0.561799824
1403715920634057984.000000 0.140487820 -4.040801525 0.431402534 -0.146613032 -0.797894597 -0.073200926 0.580095172
1403715920784058112.000000 0.071609356 -4.059549332 0.473122776 -0.139910519 -0.788324237 -0.066925026 0.595391452
1403715921084058112.000000 -0.015183035 -4.095366478 0.621424913 -0.109740831 -0.806459367 -0.032979719 0.580079854
1403715921384058112.000000 -0.067652263 -4.100761414 0.798082411 -0.071630940 -0.819705188 -0.026978968 0.567648232
1403715921534057984.000000 -0.095341116 -4.095529556 0.885241032 -0.060816284 -0.823031127 -0.031932402 0.563827574
1403715921684058112.000000 -0.128710181 -4.091718197 0.990357518 -0.059132934 -0.823453784 -0.032670170 0.563347101
1403715921834057984.000000 -0.167987317 -4.090178490 1.107828021 -0.066060089 -0.821757913 -0.025300575 0.565429032
1403715921984058112.000000 -0.211259648 -4.088193893 1.209085822 -0.072530478 -0.819401741 -0.021047747 0.568222821
1403715922134057984.000000 -0.257088095 -4.083070755 1.302375317 -0.074245147 -0.815451562 -0.024524219 0.573519886
1403715922284058112.000000 -0.301858395 -4.074948788 1.416465998 -0.076013103 -0.807202697 -0.026112208 0.584776938
1403715922434057984.000000 -0.338671178 -4.066023350 1.547187924 -0.070705444 -0.804554284 -0.034063231 0.588670552
1403715922584058112.000000 -0.364272118 -4.058160782 1.672564387 -0.071450084 -0.803586543 -0.030637823 0.590088964
1403715922734057984.000000 -0.378284693 -4.050893307 1.781165600 -0.072355315 -0.802122772 -0.027347082 0.592128396
1403715922884058112.000000 -0.381925464 -4.044070721 1.855523109 -0.065724976 -0.804551661 -0.034304623 0.589236915
1403715923184058112.000000 -0.366509169 -4.044952393 1.946998954 -0.059462626 -0.810614705 -0.040621430 0.581135094
1403715923334057984.000000 -0.349895418 -4.056416035 2.014073133 -0.062200587 -0.817555428 -0.035387043 0.571385980
1403715923634057984.000000 -0.318034947 -4.082969666 2.127413750 -0.086272463 -0.816517353 0.001254655 0.570837140
1403715923784058112.000000 -0.301641822 -4.083276749 2.114961386 -0.091527700 -0.811979592 0.009911506 0.576379836
1403715923934057984.000000 -0.281454951 -4.069060326 2.064072132 -0.088264287 -0.802074313 0.006254645 0.590632915
1403715924084058112.000000 -0.252738953 -4.040420532 1.986995578 -0.079923257 -0.795080781 -0.005096229 0.601192951
1403715924234057984.000000 -0.207816213 -4.003028393 1.894710064 -0.071427427 -0.796818972 -0.016859800 0.599744558
1403715924384058112.000000 -0.147786647 -3.961526871 1.803751230 -0.067746319 -0.803782880 -0.022919845 0.590608418
1403715924534057984.000000 -0.079243675 -3.919424295 1.714757204 -0.069582388 -0.815557182 -0.022898795 0.574021220
1403715924684058112.000000 -0.009730816 -3.873512268 1.628350139 -0.080950253 -0.820626080 -0.016544301 0.565461099
1403715924834057984.000000 0.057664543 -3.815739393 1.543968558 -0.106463596 -0.816250265 -0.019087320 0.567482769
1403715924984058112.000000 0.127325594 -3.740916014 1.463064909 -0.137186855 -0.806205869 -0.041040812 0.574044943
1403715925134057984.000000 0.205032021 -3.651221037 1.397719979 -0.165264294 -0.787045538 -0.081746027 0.588697553
1403715925284058112.000000 0.298701227 -3.557470083 1.360917568 -0.200809419 -0.774950325 -0.113585472 0.588409662
1403715925434057984.000000 0.409275740 -3.464356661 1.346258759 -0.247797683 -0.770952165 -0.129655585 0.572204947
1403715925584058112.000000 0.533329308 -3.368471861 1.335437059 -0.292624414 -0.767048299 -0.147912532 0.551479578
1403715925734057984.000000 0.666871548 -3.263536930 1.326810002 -0.331537277 -0.752948344 -0.175475061 0.540703654
1403715925884058112.000000 0.807464242 -3.150325775 1.317550659 -0.368796438 -0.733928084 -0.206201360 0.531808138
1403715926034057984.000000 0.955612719 -3.032389402 1.307983041 -0.402804226 -0.710710347 -0.242850050 0.523128629
1403715926184058112.000000 1.111032605 -2.915260553 1.284195662 -0.441408128 -0.674547553 -0.277005434 0.522888601
1403715926334057984.000000 1.279756904 -2.809429884 1.232000470 -0.478908718 -0.638876021 -0.312909395 0.514365315
1403715926434057984.000000 1.400038719 -2.747334480 1.189080954 -0.498727679 -0.616394222 -0.342402488 0.504072905
1403715926584058112.000000 1.590942264 -2.673649073 1.122693181 -0.525454044 -0.586573362 -0.384001493 0.482050568
1403715926734057984.000000 1.788529873 -2.625119925 1.053339481 -0.562718630 -0.567965508 -0.404240459 0.444243819
1403715926884058112.000000 1.985443830 -2.595299482 0.997486293 -0.592525601 -0.556117177 -0.422690004 0.401223600
1403715927034057984.000000 2.173142910 -2.575376511 0.972762644 -0.615531087 -0.539709091 -0.437180519 0.372436315
1403715927184058112.000000 2.349152327 -2.557614803 0.962171555 -0.624012709 -0.518545628 -0.465441823 0.353670150
1403715928984058112.000000 2.421762466 -3.531862020 0.576516569 -0.850075483 -0.103702843 -0.511111081 0.073368572
1403715929084058112.000000 2.380158663 -3.610468388 0.621989429 -0.860456705 -0.121844150 -0.488048792 0.081096478
1403715929184058112.000000 2.357854605 -3.683712244 0.676977515 -0.866488695 -0.141419426 -0.471100867 0.085217565
1403715929284058112.000000 2.357304573 -3.749167204 0.729097903 -0.864531100 -0.165657550 -0.467656463 0.080256402
1403715929384058112.000000 2.377413988 -3.803640842 0.776684344 -0.845005989 -0.197977573 -0.492997378 0.061019301
1403715929484058112.000000 2.408440828 -3.841621876 0.819015980 -0.816591978 -0.229314521 -0.528525770 0.035396330
1403715929584058112.000000 2.440726042 -3.855969191 0.859728754 -0.789692283 -0.253502399 -0.558596730 0.009613941
1403715929684058112.000000 2.463783264 -3.843005896 0.897823036 -0.779670417 -0.257670850 -0.570717931 0.000904455
1403715931134057984.000000 2.662442684 -3.484070063 1.001708150 -0.845750570 -0.143572032 -0.506668568 0.085907526
1403715931284058112.000000 2.774925947 -3.493271112 1.027442575 -0.848994911 -0.144621506 -0.501425803 0.082851738
1403715931534057984.000000 3.031078815 -3.473419905 1.124569416 -0.840294719 -0.141701877 -0.515355647 0.090741761
1403715931684058112.000000 3.213718414 -3.446221828 1.161981344 -0.833111763 -0.149184793 -0.525173485 0.088664994
1403715931834057984.000000 3.406764030 -3.407816410 1.173020005 -0.826096356 -0.156123206 -0.534041464 0.089388043
1403715932134057984.000000 3.801619768 -3.302037239 1.206032395 -0.785023332 -0.157356888 -0.589698255 0.105987027
1403715932234057984.000000 3.919193268 -3.264282227 1.226883173 -0.761561513 -0.156626478 -0.619375110 0.108934470
1403715932384058112.000000 4.064206123 -3.210575342 1.265036106 -0.726078212 -0.150902018 -0.660511732 0.117317200
1403715932634057984.000000 4.168760777 -3.154140711 1.333442807 -0.687045157 -0.140590712 -0.700665653 0.131418929
1403715932734057984.000000 4.147639751 -3.150394440 1.365205646 -0.674447477 -0.137180209 -0.712766349 0.135153398
1403715932834057984.000000 4.086605549 -3.160210133 1.396513462 -0.673346341 -0.136169657 -0.714303076 0.133542910
1403715933384058112.000000 3.324043036 -3.343028545 1.536407232 -0.857126892 -0.145751968 -0.486633599 0.085308589
1403715933684058112.000000 3.041920424 -3.401499748 1.622394443 -0.914896131 -0.132526696 -0.373030931 0.079054847
1403715934084058112.000000 3.327426195 -3.308969975 1.869994283 -0.848005176 -0.132386491 -0.507712126 0.074763522
1403715934384058112.000000 3.710319519 -3.177156448 2.011495113 -0.718247354 -0.112912960 -0.679423690 0.098766617
1403715934534057984.000000 3.825085640 -3.130637884 2.030713558 -0.675887287 -0.108411983 -0.721096039 0.106975310
1403715934684058112.000000 3.848353863 -3.110273361 2.037662506 -0.647454560 -0.105907738 -0.745520055 0.117414586
1403715934784058112.000000 3.800870895 -3.115780592 2.045587301 -0.641923785 -0.104189560 -0.748851418 0.127671361
1403715934934057984.000000 3.634650946 -3.157891989 2.062760353 -0.689613461 -0.112812378 -0.704321980 0.125048727
1403715935084058112.000000 3.390224218 -3.230221987 2.075010777 -0.763391376 -0.121711090 -0.623998225 0.114220649
1403715935684058112.000000 2.447507143 -3.530851841 1.893778205 -0.886364639 -0.142451942 -0.435222983 0.068163879
1403715935834057984.000000 2.355656862 -3.555761576 1.833713412 -0.897501945 -0.144642308 -0.412009895 0.061779298
1403715936084058112.000000 2.395450592 -3.525565386 1.777152181 -0.874614000 -0.139723212 -0.459716886 0.064716339
1403715936234057984.000000 2.505376577 -3.473405361 1.769684196 -0.822734118 -0.132906944 -0.547830760 0.072977945
1403715936384058112.000000 2.623533964 -3.412071943 1.759526610 -0.773272693 -0.119478621 -0.616788924 0.085706189
1403715936584058112.000000 2.733994484 -3.338927984 1.729650497 -0.745393336 -0.104063183 -0.651057899 0.098403655
1403715937084058112.000000 2.669776201 -3.277785778 1.653471589 -0.779146731 -0.111354791 -0.609526455 0.094910398
1403715937384058112.000000 2.504031897 -3.284346104 1.580784798 -0.794214129 -0.164817482 -0.571619511 0.123734355
1403715937734057984.000000 2.310356140 -3.293634176 1.387570262 -0.815819681 -0.236849561 -0.505072892 0.152452931
1403715937934057984.000000 2.247770548 -3.273200512 1.276708841 -0.815215766 -0.272718757 -0.481903523 0.169755057
1403715938284058112.000000 2.269979239 -3.140521288 1.142811537 -0.788782775 -0.347242832 -0.463220447 0.206569359
1403715938484058112.000000 2.352160692 -2.985183954 1.155560732 -0.738466561 -0.390270144 -0.495020926 0.239396349
1403715938734057984.000000 2.458081245 -2.761096716 1.169662714 -0.713648379 -0.419872969 -0.488492697 0.275295675
1403715938934057984.000000 2.543698072 -2.565030336 1.168136477 -0.731452048 -0.440038413 -0.448481917 0.264968157
1403715939734057984.000000 2.980441570 -1.513764858 1.207681775 -0.609701514 -0.377002269 -0.597388327 0.359528244
1403715941384058112.000000 2.781993628 -0.946478724 1.975645185 -0.639488995 -0.361100227 -0.584976256 0.344184995
1403715941584058112.000000 2.841436625 -0.741289914 2.026609898 -0.610336959 -0.337285310 -0.612186015 0.372767806
1403715941784058112.000000 2.845826149 -0.663168490 2.011941910 -0.579972029 -0.311539799 -0.635435164 0.403481841
1403715941984058112.000000 2.779606104 -0.760876536 1.970596552 -0.580035985 -0.315192610 -0.636297822 0.399170369
1403715942134057984.000000 2.683857679 -0.943755507 1.911833167 -0.636875808 -0.355986804 -0.584453881 0.355072320
1403715943134057984.000000 2.295764446 -1.841834068 1.024189353 -0.762170732 -0.465193689 -0.390558243 0.223952979
1403715943934057984.000000 2.566428185 -1.314896941 0.930168986 -0.598990321 -0.370086372 -0.597751319 0.383327633
1403715944734057984.000000 2.353785038 -1.810288310 1.114603162 -0.705821693 -0.563737869 -0.309515178 0.297011584
1403715944934057984.000000 2.385685682 -1.711513996 1.181735396 -0.641939342 -0.604456544 -0.334205151 0.332946092
1403715945534057984.000000 2.445594549 -1.301590443 1.411761880 -0.457885981 -0.534683943 -0.504170775 0.500265419
1403715946034057984.000000 2.367679834 -1.581460476 1.528707147 -0.594609261 -0.632188380 -0.339645058 0.362517536
1403715946284058112.000000 2.302420378 -1.643870115 1.584697008 -0.599997282 -0.672459543 -0.282024175 0.329034597
1403715946484058112.000000 2.229566574 -1.545450926 1.655388236 -0.549385786 -0.679574847 -0.311786383 0.373018146
1403715946884058112.000000 2.037576914 -1.210456133 1.809982061 -0.458515614 -0.611206293 -0.392547518 0.511953890
1403715947084058112.000000 1.958709359 -1.120228529 1.861035824 -0.439124137 -0.588686883 -0.412013978 0.539316475
1403715947284058112.000000 1.907338500 -1.137336612 1.901245117 -0.418193966 -0.544887185 -0.440147310 0.578344285
1403715947434057984.000000 1.892556667 -1.232652307 1.894448161 -0.447095633 -0.568726063 -0.419119447 0.548630118
1403715947584058112.000000 1.892716527 -1.384814739 1.858047724 -0.490902841 -0.609622777 -0.370022178 0.500457823
1403715947984058112.000000 1.927459002 -1.785994649 1.649909616 -0.549153924 -0.692696154 -0.275190860 0.377984226
1403715948184058112.000000 1.929018855 -1.854230881 1.534725904 -0.553686798 -0.717603207 -0.250314742 0.340322018
1403715948384058112.000000 1.892627835 -1.769902468 1.460294247 -0.537159920 -0.700433493 -0.276456147 0.380031765
1403715948984058112.000000 1.735173941 -1.259638429 1.302771330 -0.453334689 -0.589656353 -0.408294767 0.529233813
1403715949184058112.000000 1.711641312 -1.222601056 1.256232500 -0.436854988 -0.597256482 -0.394075483 0.545112014
1403715949584058112.000000 1.724044442 -1.331084132 1.168293834 -0.454599440 -0.730589390 -0.266345531 0.434325367
1403715949784058112.000000 1.709014773 -1.339152098 1.147938490 -0.434875220 -0.770787060 -0.224616915 0.407821298
1403715949984058112.000000 1.639219046 -1.255255580 1.147324204 -0.385622382 -0.797064543 -0.222049147 0.408261865
1403715950984058112.000000 1.036491156 -0.870189488 1.274587393 -0.269241899 -0.661589146 -0.273928463 0.644027829
1403715951634057984.000000 1.248035550 -1.427511215 1.353378057 -0.288079679 -0.850625634 -0.130951107 0.419878572
1403715951834057984.000000 1.177188396 -1.474844217 1.396002054 -0.261199325 -0.867854357 -0.106478944 0.408981502
1403715952584058112.000000 0.535916686 -1.239044070 1.634845376 -0.112532265 -0.721036255 -0.090570591 0.677672684
1403715952784058112.000000 0.550353765 -1.206557512 1.696120620 -0.090244472 -0.685997725 -0.084223866 0.717056096
1403715952934057984.000000 0.656413734 -1.203113794 1.734844685 -0.086014993 -0.700998008 -0.078561135 0.703584731
1403715953134057984.000000 0.897417545 -1.220706820 1.745671868 -0.088791192 -0.801439285 -0.057091743 0.588686466
1403715953734057984.000000 1.397825480 -1.210002065 1.614188075 -0.040515173 -0.913106263 -0.002462971 0.405696332
1403715953934057984.000000 1.282339573 -1.160677910 1.611812115 0.013193963 -0.905065656 -0.017171696 0.424720228
1403715954134057984.000000 1.040423036 -1.130257964 1.610254049 0.073032521 -0.845972896 -0.058860525 0.524911106
1403715954334057984.000000 0.771895230 -1.164037943 1.586924791 0.066228576 -0.779641867 -0.043889299 0.621165037
1403715954734057984.000000 0.479770780 -1.343127489 1.548627019 0.026360558 -0.691224456 0.013408707 0.722034693
1403715955084058112.000000 0.694548130 -1.498687267 1.511530161 0.025981998 -0.785478771 0.006578214 0.618307948
1403715955484058112.000000 1.082494736 -1.669071436 1.491988778 0.001817136 -0.885963440 0.020074690 0.463316888
1403715955684058112.000000 1.146970391 -1.737540007 1.502558708 0.002432380 -0.908396363 0.042974718 0.415888786
1403715955884058112.000000 1.055046678 -1.788018823 1.550349951 0.049139734 -0.871308386 0.052928805 0.485392183
1403715956134057984.000000 0.852520525 -1.847122073 1.624194860 0.125599429 -0.780053914 0.079443313 0.607807159
1403715956334057984.000000 0.733015060 -1.896778703 1.673881888 0.187101141 -0.737361789 0.111994773 0.639334083
1403715956534057984.000000 0.710204601 -1.936211348 1.729920745 0.228941843 -0.681116104 0.170882314 0.674140751
1403715956734057984.000000 0.810557067 -1.927236557 1.782024145 0.253873289 -0.669252038 0.207855955 0.666667819
1403715957134057984.000000 1.282673120 -1.755548954 1.832009554 0.281749934 -0.782603383 0.187751040 0.522396982
1403715957334057984.000000 1.531115174 -1.668425679 1.791699171 0.283753961 -0.832907379 0.169446662 0.443888426
1403715957534057984.000000 1.704377055 -1.631264567 1.718243003 0.287117839 -0.867126703 0.148009628 0.379140884
1403715957734057984.000000 1.744509697 -1.681543112 1.638586402 0.295704275 -0.873238266 0.134489939 0.363216788
1403715957934057984.000000 1.638779283 -1.840360165 1.589706898 0.290929198 -0.820060611 0.169777870 0.462640673
1403715958134057984.000000 1.483557224 -2.048367023 1.556169510 0.294886738 -0.738032281 0.220771179 0.565340936
1403715958334057984.000000 1.365551591 -2.234086990 1.510782480 0.307760268 -0.670867622 0.266268045 0.619936883
1403715958534057984.000000 1.332029104 -2.346827030 1.462149620 -0.319882065 0.618220866 -0.312478572 -0.646402061
1403715958734057984.000000 1.402908564 -2.346602440 1.405985355 0.347011715 -0.622311056 0.348936319 0.608732522
1403715959134057984.000000 1.681631327 -2.058780193 1.284521818 0.447426558 -0.699207127 0.359777331 0.426003754
1403715959534057984.000000 1.825843811 -1.777378321 1.186693907 0.568328202 -0.704534948 0.275956571 0.323236108
1403715960234057984.000000 1.837954521 -2.264396191 1.325784564 0.507657588 -0.522509217 0.472948819 0.495567709
1403715960434057984.000000 1.854705930 -2.299201727 1.362710953 -0.486790538 0.493683934 -0.495390236 -0.523354173
1403715961184058112.000000 2.074767351 -1.640815735 1.473944545 0.621083975 -0.666382849 0.265899718 0.315414101
1403715961384058112.000000 2.154858112 -1.652885437 1.533975005 0.602072358 -0.678994358 0.288849562 0.305027127
1403715961784058112.000000 2.259902954 -2.030995846 1.721703410 0.573440731 -0.549691439 0.447820663 0.410440952
1403715961984058112.000000 2.293998957 -2.207631588 1.770520806 0.561053872 -0.477786243 0.504175901 0.450272828
1403715962184058112.000000 2.322253466 -2.276647806 1.780118227 -0.535891235 0.418522328 -0.567334950 -0.464532793
1403715962334057984.000000 2.329145908 -2.226536512 1.758763909 -0.549475491 0.409508049 -0.584449232 -0.434509903
1403715962484058112.000000 2.311818600 -2.090177774 1.720545650 0.576665163 -0.427050650 0.584584653 0.378610492
1403715962984058112.000000 2.007266760 -1.420072794 1.435257077 0.721847236 -0.458697647 0.472834587 0.212039158
1403715963184058112.000000 1.822155356 -1.223653555 1.242740750 0.793088615 -0.425751895 0.393002540 0.187868983
1403715963384058112.000000 1.700025797 -1.132180214 1.014242768 0.827502370 -0.390477926 0.370953828 0.158619508
1403715963734057984.000000 1.699664950 -1.211896896 0.693721473 0.760808349 -0.265253127 0.557179332 0.200904608
1403715964284058112.000000 1.700230002 -1.249334097 0.518698752 0.809182882 -0.232663259 0.513308108 0.166150019
1403715964484058112.000000 1.738608479 -1.246720314 0.587868094 0.796172142 -0.236339927 0.534104943 0.158067375
1403715964834057984.000000 1.845712423 -1.243618608 0.722935319 0.775168121 -0.250686824 0.564076722 0.134491086
1403715965484058112.000000 1.886620045 -1.273466349 0.897021830 0.841044545 -0.238215923 0.467892557 0.130283922
1403715965934057984.000000 2.098569393 -1.422230959 1.053025126 0.756332576 -0.213507444 0.594019175 0.171804950
1403715966134057984.000000 2.195817947 -1.468054295 1.116361737 0.701717913 -0.192878783 0.659873307 0.186967835
1403715967184058112.000000 2.247343779 -1.292640567 1.448415279 0.762229204 -0.233510494 0.572209597 0.192498863
1403715967384058112.000000 2.345943451 -1.282610536 1.525989175 0.688721538 -0.212743416 0.658291698 0.216921374
1403715967584058112.000000 2.353816509 -1.193570733 1.587966084 0.697537482 -0.222521141 0.652696431 0.194713414
1403715968284058112.000000 2.012753487 -0.815693021 1.657833576 0.856204569 -0.180866152 0.477832437 0.076664433
1403715968934057984.000000 1.861341000 -0.802150905 1.425231576 0.718735278 -0.139591396 0.669661880 0.124445878
1403715969134057984.000000 1.664942861 -0.742712259 1.320458889 0.781777740 -0.151823446 0.594991505 0.108436339
1403715969334057984.000000 1.441630244 -0.676540375 1.216665268 0.864722610 -0.171062350 0.464112520 0.087133013
1403715969534057984.000000 1.308741570 -0.649366558 1.138056755 0.897703052 -0.169491038 0.395888537 0.093136579
1403715969834057984.000000 1.416684031 -0.670842409 1.085566401 0.865983307 -0.106014863 0.460116953 0.164700344
1403715970234057984.000000 1.827114224 -0.585725784 1.074685454 0.739766002 -0.124314077 0.650181115 0.120651625
1403715970434057984.000000 1.934059739 -0.484869868 1.077327371 0.696721792 -0.125487968 0.698121130 0.107044138
1403715970634057984.000000 1.906091213 -0.349358946 1.080420613 0.738950312 -0.149669752 0.653771758 0.064295933
1403715970834057984.000000 1.779618382 -0.223439023 1.083134174 0.824830115 -0.184367016 0.533875227 0.025327506
1403715971034057984.000000 1.666390300 -0.168972075 1.108200550 0.880661249 -0.202018440 0.428447634 0.007552527
1403715971234057984.000000 1.674548030 -0.225758642 1.175268888 0.899317920 -0.146930292 0.409237474 0.046514787
1403715971434057984.000000 1.834173083 -0.335331649 1.282454014 0.860938191 -0.053877495 0.497926593 0.089172505
1403715971684058112.000000 2.110218287 -0.416008234 1.412456632 -0.794738710 -0.037975054 -0.600977063 -0.075992115
1403715972134057984.000000 2.425688982 -0.348296165 1.579954505 -0.755413830 -0.092773564 -0.645519674 0.063619174
1403715972384058112.000000 2.416733027 -0.301040262 1.664642811 -0.714052141 -0.105458111 -0.686274290 0.089643136
1403715973684058112.000000 1.188831091 -0.572648644 1.684267282 -0.849160135 -0.063283518 -0.515323460 0.096768580
1403715974034057984.000000 1.059056520 -0.795498967 1.677653909 -0.856087804 -0.069784611 -0.503066540 0.095748238
1403715974534057984.000000 1.158561110 -1.167144418 1.658453584 -0.833068490 -0.094002530 -0.539352119 0.079118900
1403715975034057984.000000 1.387560725 -1.519988894 1.576057196 -0.819578052 -0.100951098 -0.558181763 0.080831714
1403715976034057984.000000 1.854796171 -2.010442495 1.571943998 -0.814929366 -0.125576571 -0.560698330 0.075750835
1403715976284058112.000000 1.957669258 -2.058846712 1.601716518 -0.813041091 -0.122960724 -0.564591885 0.071279742
1403715977284058112.000000 2.290895224 -1.842025518 1.630904794 -0.790547609 -0.222237751 -0.554720223 0.133904696
1403715977834057984.000000 2.357470989 -1.480766773 1.611673951 -0.724851608 -0.382199079 -0.515783191 0.249963462
1403715978084058112.000000 2.339468956 -1.293615103 1.603903651 -0.660578787 -0.470903456 -0.503730953 0.296885222
1403715978834057984.000000 1.877182961 -0.809577346 1.547822356 -0.477233440 -0.650215685 -0.363783568 0.465971380
1403715979834057984.000000 1.023347020 -0.835701764 1.603348494 -0.091376454 -0.786212265 -0.140147910 0.594877541
1403715980084058112.000000 0.873082399 -1.045261264 1.634613991 0.004318678 -0.780421853 -0.065998167 0.621745467
1403715980284058112.000000 0.805404723 -1.263894558 1.652826309 0.076098464 -0.777343512 0.001706425 0.624454379
1403715980484058112.000000 0.793988168 -1.511450529 1.665394425 0.145728469 -0.768419385 0.075994454 0.618481815
1403715980734057984.000000 0.861201584 -1.824542642 1.674524546 0.233455837 -0.744419277 0.174937546 0.600612342
1403715980984058112.000000 1.003177285 -2.099980354 1.673730731 0.326601446 -0.712758958 0.264448285 0.561581194
1403715981234057984.000000 1.193536282 -2.305626631 1.675985456 0.420446992 -0.653996527 0.350592911 0.522108793
1403715981484058112.000000 1.407685399 -2.417855501 1.687311172 0.510932386 -0.578164637 0.436262637 0.462978035
1403715981734057984.000000 1.612706304 -2.413893938 1.709208608 0.590395451 -0.479173034 0.508692324 0.403805047
1403715981934057984.000000 1.753624201 -2.318340302 1.714322686 0.668263912 -0.416988611 0.519698441 0.330843478
1403715982184058112.000000 1.901853681 -2.134788036 1.725894332 0.725871027 -0.330222070 0.543693364 0.261652976
1403715982434057984.000000 2.026478291 -1.898010015 1.739892483 0.761222422 -0.245029464 0.567768693 0.195294186
1403715982684058112.000000 2.118695974 -1.619610548 1.750507116 0.785343826 -0.148395896 0.587794304 0.125346392
1403715982934057984.000000 2.169762850 -1.307673573 1.758014321 0.799796760 -0.043136548 0.596849740 0.047273435
1403715983234057984.000000 2.164250612 -0.916090369 1.763234496 -0.795979321 -0.076664917 -0.598227262 0.051609941
1403715983534057984.000000 2.086157084 -0.536016583 1.767896533 -0.762681007 -0.203705639 -0.592391908 0.160914913
1403715983784058112.000000 1.958008409 -0.268301904 1.779186964 -0.710453868 -0.290724397 -0.584618330 0.262594879
1403715984034057984.000000 1.770084739 -0.101558089 1.792035222 -0.667844594 -0.370777905 -0.550458193 0.336902261
1403715984284058112.000000 1.548927307 -0.053333059 1.807797670 -0.635939896 -0.443798870 -0.496298164 0.390270680
1403715984484058112.000000 1.373443007 -0.091900833 1.827693105 -0.597083807 -0.496093810 -0.464565486 0.426099598
1403715984734057984.000000 1.167244077 -0.219380736 1.847196817 -0.550061405 -0.580634058 -0.404442549 0.443534464
1403715984834057984.000000 1.086774349 -0.284198433 1.852976322 -0.526619315 -0.605099499 -0.374432623 0.465109736
1403715984934057984.000000 1.011475325 -0.353184044 1.859314203 -0.499486893 -0.626594901 -0.348338068 0.486366332
1403715985034057984.000000 0.943890572 -0.425562412 1.865561724 -0.469102412 -0.646877468 -0.331812441 0.501391053
1403715985134057984.000000 0.884951651 -0.502470791 1.871139884 -0.444737822 -0.663816750 -0.321608275 0.508058727
1403715985334057984.000000 0.786999941 -0.670129776 1.885728836 -0.412208289 -0.684600651 -0.328327596 0.503594339
1403715985534057984.000000 0.699506581 -0.862129867 1.897745371 -0.429089963 -0.681995869 -0.327500165 0.493464440
1403715985734057984.000000 0.612855196 -1.069752693 1.898005724 -0.480483770 -0.683882117 -0.308509916 0.454161137
1403715985934057984.000000 0.521003246 -1.254785180 1.871685505 -0.520720780 -0.669338703 -0.291027695 0.442875385
1403715986334057984.000000 0.369584620 -1.498315930 1.705773473 -0.523707211 -0.641293764 -0.316371351 0.463014305
1403715986734057984.000000 0.289679646 -1.653162956 1.501450658 -0.519314349 -0.671919405 -0.313349217 0.425028443
1403715987134057984.000000 0.197955981 -1.676766038 1.328782439 -0.521130025 -0.631519735 -0.336438358 0.465204865
1403715987584058112.000000 0.180584803 -1.680019379 1.162979960 -0.541195214 -0.605694354 -0.371844202 0.449415207
1403715988184058112.000000 0.217510819 -1.714411974 0.997121096 -0.535893142 -0.630974174 -0.363032967 0.427664757
1403715988384058112.000000 0.217307121 -1.701960683 0.964345217 -0.523178577 -0.622921467 -0.375737548 0.443930537
1403715988834057984.000000 0.221145645 -1.707957625 0.912371993 -0.543905258 -0.612631142 -0.348418176 0.455472320
1403715989234057984.000000 0.285121858 -1.713435292 0.902867377 -0.541589558 -0.623866200 -0.359055966 0.434224159
1403715989634057984.000000 0.355022877 -1.684717894 0.903449953 -0.539521158 -0.620437801 -0.366053402 0.435865670
1403715989834057984.000000 0.387130767 -1.661310315 0.898325562 -0.530832231 -0.616307676 -0.377134174 0.442890346
1403715990034057984.000000 0.414451510 -1.644802928 0.880873024 -0.525282741 -0.619750559 -0.381653517 0.440826416
1403715990184058112.000000 0.430184573 -1.638668537 0.864139140 -0.524738908 -0.622467935 -0.379628479 0.439391494
1403715990334057984.000000 0.440432966 -1.637093902 0.841953218 -0.523475587 -0.625519037 -0.379258454 0.436877877
1403715990484058112.000000 0.443825901 -1.638358116 0.810990036 -0.522372961 -0.628874004 -0.379036844 0.433560938
1403715990634057984.000000 0.438467830 -1.641020060 0.765161157 -0.523565233 -0.631863058 -0.376510978 0.429962903
1403715990784058112.000000 0.423417032 -1.642865896 0.713941455 -0.525529027 -0.635640621 -0.373064786 0.424974173
1403715990884058112.000000 0.407841027 -1.642187715 0.682274163 -0.526770353 -0.638355970 -0.370676219 0.421442628
1403715990984058112.000000 0.386728942 -1.638515592 0.655572772 -0.526292384 -0.639702022 -0.370613396 0.420051754
1403715991084058112.000000 0.359884381 -1.632058978 0.636947155 -0.523219764 -0.637404919 -0.374099731 0.424270481
1403715991284058112.000000 0.336310714 -1.627815962 0.638233006 -0.515881777 -0.636290669 -0.383407474 0.426613301
1403715991484058112.000000 0.340189725 -1.628028989 0.632727027 -0.522599876 -0.629248261 -0.374979794 0.436263889
1403715991784058112.000000 0.341293126 -1.628124356 0.630975723 -0.522769272 -0.629206598 -0.374721497 0.436342955
1403715992134057984.000000 0.341175735 -1.628010273 0.631070256 -0.523013473 -0.628762603 -0.374428421 0.436941534
1403715992284058112.000000 0.341040850 -1.628015757 0.631249070 -0.523097634 -0.628746688 -0.374309659 0.436965525
1403715992634057984.000000 0.341008782 -1.628047228 0.631341875 -0.523252785 -0.628696859 -0.374245912 0.436905950
1403715993134057984.000000 0.341088533 -1.628337026 0.631230474 -0.523490131 -0.628637314 -0.373977304 0.436937451
1403715993284058112.000000 0.341100335 -1.628379345 0.631211936 -0.523448467 -0.628610849 -0.373992771 0.437012196
1403715993634057984.000000 0.341075450 -1.628062010 0.631176651 -0.523585021 -0.628594637 -0.373850942 0.436993122
1403715993784058112.000000 0.340786785 -1.628274679 0.631193042 -0.523700833 -0.628538847 -0.373691142 0.437071383
