1403715532962142976.000000 -0.153934687 1.615310669 0.998377860 -0.576856732 -0.555832863 -0.364942580 0.474450260
1403715534562142976.000000 1.551266074 0.878208458 1.090168118 -0.652126491 -0.501433074 -0.449576616 0.348104596
1403715536512143104.000000 4.173066616 1.048530936 0.626434028 -0.675430775 -0.495018840 -0.475142658 0.270165205
1403715537812143104.000000 4.139730453 1.784432650 0.776550233 -0.661911607 -0.442352891 -0.485238820 0.361580342
1403715540562142976.000000 2.369987726 -0.434265196 0.704089999 -0.848832309 -0.116858944 -0.509046137 0.081851378
1403715543312143104.000000 4.787001610 -1.372393847 0.936730027 -0.763849556 -0.225957841 -0.570637405 0.199623987
1403715543662142976.000000 4.836119652 -1.408318758 0.885575950 -0.751786590 -0.229922980 -0.590825737 0.181321338
1403715544112143104.000000 4.712341785 -1.527830601 0.782881975 -0.762466252 -0.187698975 -0.613711715 0.082294710
1403715544412143104.000000 4.486126900 -1.575743198 0.612145841 -0.802455127 -0.049838874 -0.593792856 0.031493485
1403715544612143104.000000 4.305774689 -1.590924978 0.468351871 0.807228208 -0.028597971 0.589503825 0.007082356
1403715547362142976.000000 1.336272597 -1.630917192 0.632384419 -0.730804563 -0.439006746 -0.460258335 0.247709855
1403715547562142976.000000 1.200641036 -1.537846446 0.647716701 -0.703780293 -0.495814979 -0.426768452 0.277000904
1403715547662142976.000000 1.134575486 -1.470346689 0.652693272 -0.685077906 -0.525203586 -0.411902040 0.291832626
1403715547762142976.000000 1.069169164 -1.387757301 0.657859206 -0.664035916 -0.553961158 -0.398586810 0.305470228
1403715547862142976.000000 1.003519654 -1.289615273 0.662929058 -0.642817199 -0.578936756 -0.385004133 0.321543515
1403715547962142976.000000 0.937076509 -1.176274538 0.668840468 -0.618974805 -0.597108662 -0.378175855 0.342512220
1403715549112143104.000000 0.042501822 0.343487918 0.529952645 -0.568921089 -0.586250305 -0.400771439 0.414754987
1403715549362142976.000000 -0.171537578 0.643423319 0.498716146 -0.542743623 -0.582056403 -0.407689035 0.447693437
1403715549662142976.000000 -0.398601234 0.930208325 0.455335855 -0.565542519 -0.581173420 -0.361382484 0.460219383
1403715549912143104.000000 -0.510569215 1.139361024 0.428507894 -0.602721512 -0.544008017 -0.363122225 0.457082510
1403715550412143104.000000 -0.408314049 1.486808419 0.472956806 -0.701201618 -0.439741999 -0.430556536 0.359950513
1403715550562142976.000000 -0.304742336 1.573077559 0.527030945 -0.719927490 -0.405757874 -0.461333632 0.322856367
1403715550762142976.000000 -0.146677464 1.677966714 0.562701762 -0.752102256 -0.340256959 -0.482351750 0.293094158
1403715551012143104.000000 0.087573178 1.779506564 0.542992949 -0.788508475 -0.249261484 -0.496297151 0.264220297
1403715551162142976.000000 0.259931862 1.810636282 0.541600883 -0.799518943 -0.208015710 -0.515585542 0.227311775
1403715551362142976.000000 0.521134138 1.812242031 0.578968704 -0.813178658 -0.137615219 -0.530900002 0.194802076
1403715551512143104.000000 0.733392835 1.779076695 0.611990452 -0.818663716 -0.083599314 -0.543125808 0.166778892
1403715551662142976.000000 0.954294145 1.711865425 0.645584404 -0.815020919 -0.042191330 -0.565331459 0.119837411
1403715551862142976.000000 1.240596771 1.578461409 0.691784263 0.797403514 -0.015669163 0.600123882 -0.061264385
1403715552112143104.000000 1.539638400 1.362974286 0.742934167 0.778751373 -0.081625387 0.621815324 0.015142081
1403715552562142976.000000 1.836391568 0.963458478 0.808828413 0.737892985 -0.211530417 0.623286188 0.149275765
1403715555162142976.000000 0.092689797 0.631320000 0.457019091 0.589280903 -0.535739779 0.369776100 0.478535801
1403715556412143104.000000 1.337591290 0.804028451 0.937967181 0.535652399 -0.619856775 0.465393662 0.335056603
1403715558062142976.000000 0.474934399 -0.059741903 0.882694900 0.585081160 -0.586631536 0.394351512 0.397530347
1403715558812143104.000000 0.337599337 -0.881585956 1.014259458 0.559794486 -0.556504548 0.429000556 0.439194143
1403715559112143104.000000 0.348091573 -1.097018480 1.000093818 0.599831343 -0.511547267 0.439328671 0.430711210
1403715559312143104.000000 0.387096226 -1.176489592 1.002930284 0.628139257 -0.474179178 0.458993465 0.412213713
1403715562062142976.000000 2.948466539 -0.795448959 0.870696366 -0.789049089 -0.010720357 -0.614052355 -0.015043610
1403715564112143104.000000 3.165965557 0.896412253 0.744792581 -0.665829480 -0.418422192 -0.515800774 0.339917064
1403715566012143104.000000 2.000674963 0.811333418 1.114306450 -0.041857943 -0.795079589 -0.034980189 0.604047000
1403715566262142976.000000 1.985125542 0.674316585 1.189918280 0.082578234 -0.793313682 0.054300249 0.600737751
1403715566562142976.000000 2.041002274 0.516629338 1.247351885 0.216231003 -0.765610993 0.151810884 0.586546957
1403715567062142976.000000 2.313596725 0.309885979 1.213509560 0.425914019 -0.672931790 0.313231230 0.517345488
1403715567212143104.000000 2.436193466 0.274864525 1.204161048 0.492278010 -0.631335676 0.370170891 0.471223146
1403715567412143104.000000 2.609342337 0.249957353 1.185042500 0.590700150 -0.559137523 0.421376944 0.401098460
1403715568012143104.000000 3.144498825 0.267917156 0.959619999 0.764253378 -0.270676851 0.543070138 0.218461931
1403715568212143104.000000 3.318788052 0.316490740 0.887278318 0.783338189 -0.171494275 0.575974703 0.158821374
1403715568412143104.000000 3.475040913 0.398220867 0.819643080 0.796010137 -0.082971700 0.593043387 0.088222072
1403715568612143104.000000 3.602966070 0.506289780 0.768216193 -0.800007164 -0.007906321 -0.599485040 -0.023316590
1403715570562142976.000000 3.329621553 1.722923756 0.635259807 -0.522610486 -0.590356052 -0.426186800 0.443534464
1403715571862142976.000000 2.386907578 1.274810791 0.416586250 -0.394102603 -0.752359271 -0.128989443 0.511859715
1403715574362142976.000000 0.581382215 1.907104611 0.463724971 0.281200886 -0.783633888 0.165570587 0.528611600
1403715575362142976.000000 -0.133695528 1.378885984 0.625364542 0.350926280 -0.715928853 0.234069020 0.556334794
1403715575662142976.000000 -0.195905715 1.177282095 0.684907138 0.354309410 -0.722485960 0.190281898 0.562380433
1403715575812143104.000000 -0.186347365 1.064589620 0.721100211 0.355949789 -0.719271839 0.171424359 0.571455657
1403715578712143104.000000 2.629950285 -0.162675500 0.552012146 0.055748373 -0.871349633 0.041370224 0.485726684
1403715578862142976.000000 2.663757801 -0.104699910 0.480861694 0.043039743 -0.883330762 0.020354442 0.466326058
1403715579212143104.000000 2.535714865 -0.047934610 0.389450699 0.086280026 -0.832147658 -0.054731537 0.545060217
1403715582062142976.000000 1.266390681 -1.931783199 0.343009293 0.052054390 -0.814325631 0.004535102 0.578051567
1403715582812143104.000000 1.036717534 -1.959833741 0.360678583 0.095508903 -0.834928513 0.039391544 0.540574431
1403715583662142976.000000 0.559507608 -2.265840530 0.191784382 0.046480104 -0.742702663 0.065669507 0.664770603
1403715584112143104.000000 0.788966596 -2.310360670 0.174467757 -0.038779952 0.717731714 -0.095653705 -0.688627422
1403715586712143104.000000 2.351668835 -1.601547837 0.425847828 0.083295196 -0.786635399 0.035755396 0.610727668
1403715587212143104.000000 2.446800947 -1.640253425 0.446845829 0.065402478 -0.815063894 0.047670480 0.573690593
1403715587712143104.000000 2.569061518 -1.666917324 0.518197656 0.020914640 -0.814370930 0.082960375 0.574003756
1403715588162142976.000000 2.706004620 -1.500262499 0.579177380 -0.095956162 -0.795715034 -0.036445893 0.596910179
1403715588312143104.000000 2.767285347 -1.419371009 0.548438787 -0.142192647 -0.779757917 -0.078555122 0.604638755
1403715588612143104.000000 2.954266310 -1.266508460 0.434016496 -0.230777502 -0.759457111 -0.144089237 0.590935528
1403715588762142976.000000 3.076886177 -1.195135713 0.376557052 -0.272964954 -0.761191964 -0.168127224 0.563746452
1403715588912143104.000000 3.208472729 -1.124010444 0.316627473 -0.312380284 -0.772297204 -0.193939671 0.518037558
1403715589062142976.000000 3.330924273 -1.045843601 0.258894742 -0.351675123 -0.778947949 -0.214772835 0.472691655
1403715589262142976.000000 3.449875355 -0.912826896 0.223481223 -0.393291444 -0.768399119 -0.238882005 0.444769502
1403715589462142976.000000 3.512134790 -0.735006034 0.237552851 -0.434844881 -0.757434130 -0.251700312 0.416953892
1403715589612143104.000000 3.523106337 -0.565060496 0.261578053 -0.457119823 -0.750891745 -0.260986507 0.398859799
1403715589762142976.000000 3.498120070 -0.352658898 0.318396002 -0.460800141 -0.738613188 -0.276399612 0.407083541
1403715591362142976.000000 2.113830090 1.721393466 1.008963704 -0.084845833 -0.829052866 -0.116072498 0.540369987
1403715591512143104.000000 1.903535604 1.819610715 1.049448133 -0.022067310 -0.835346580 -0.081064053 0.543265939
1403715591812143104.000000 1.457786441 1.940047979 1.058508515 0.082579590 -0.831109345 -0.004115115 0.549928188
1403715592162142976.000000 0.929673672 1.952924013 0.936670303 0.210534915 -0.804136992 0.046240661 0.553986013
1403715592362142976.000000 0.655097902 1.864459991 0.885777533 0.283715755 -0.770061910 0.087673068 0.564644456
1403715592512143104.000000 0.484034956 1.747915268 0.876933157 0.338910311 -0.746891677 0.115818202 0.560248852
1403715592912143104.000000 0.226896673 1.267408609 0.864625573 0.452590376 -0.690617621 0.228526458 0.515737236
1403715593062142976.000000 0.200624481 1.042032599 0.859603584 0.472489327 -0.678547740 0.299575627 0.476005644
1403715593362142976.000000 0.173896268 0.589396298 0.848597050 0.551971197 -0.607046783 0.371008784 0.434942007
1403715593862142976.000000 0.257813722 -0.108658560 0.836433291 0.663507879 -0.450513870 0.448882818 0.394079745
1403715594362142976.000000 0.591719568 -0.579802155 0.821495652 0.758903980 -0.314768165 0.501492023 0.271092921
1403715594712143104.000000 0.939388394 -0.773316443 0.822273910 0.810102403 -0.187541828 0.516501725 0.204421639
1403715594962142976.000000 1.255071878 -0.837673724 0.812900424 0.842800617 -0.124322750 0.513182282 0.104283236
1403715595262142976.000000 1.716182232 -0.894837558 0.802724540 0.847612381 -0.029091911 0.529613793 0.014702078
1403715595462142976.000000 2.060245991 -0.931581318 0.791852534 -0.832298696 -0.041253418 -0.551306009 0.040480699
1403715596262142976.000000 3.001917839 -0.919853508 0.842013717 -0.675173700 -0.292598665 -0.658244193 0.158874661
1403715597662142976.000000 2.951888800 0.450193644 1.213996291 -0.686513066 -0.429380924 -0.481700182 0.335107058
1403715598462142976.000000 3.392286062 1.464406133 1.238520145 -0.600517213 -0.450753689 -0.521667778 0.405046672
1403715598812143104.000000 3.504097462 1.582501173 1.171112180 -0.621571004 -0.457322329 -0.505748153 0.385648459
1403715600462142976.000000 3.809554577 0.857868969 0.505708516 -0.590048373 -0.576397598 -0.459195793 0.329769641
1403715600662142976.000000 3.756581545 0.762824178 0.423755646 -0.574374437 -0.616480708 -0.387526572 0.373990297
1403715601312143104.000000 3.427721500 0.657747507 0.494093657 -0.441858947 -0.701475084 -0.328336954 0.452645808
1403715601512143104.000000 3.285129786 0.651310563 0.576866448 -0.434387177 -0.704203546 -0.325742394 0.457489878
1403715601862142976.000000 2.985302925 0.641316652 0.694415212 -0.437685728 -0.691192210 -0.323629200 0.475340724
1403715602062142976.000000 2.802877188 0.628743351 0.755557060 -0.442232549 -0.658299208 -0.353180200 0.496322781
1403715602462142976.000000 2.474092722 0.499835551 0.822395623 -0.519863963 -0.614433467 -0.380784094 0.455210298
1403715602912143104.000000 2.147950172 0.268360198 0.806548655 -0.599463403 -0.562040269 -0.428680241 0.375483155
1403715603312143104.000000 1.826819777 0.086334087 0.635707557 -0.660067201 -0.500043333 -0.458365887 0.322751939
1403715603712143104.000000 1.479658961 -0.026113873 0.494551897 -0.697818220 -0.447408795 -0.449734211 0.332587302
1403715604112143104.000000 1.249963284 -0.094490841 0.454427302 -0.716994405 -0.450347036 -0.424938321 0.320209384
1403715604612143104.000000 1.154401898 -0.065531477 0.424450099 -0.691523314 -0.456668675 -0.464549273 0.312158942
1403715604912143104.000000 1.112878561 -0.002359504 0.397577792 -0.684283674 -0.455485106 -0.475299269 0.313655645
1403715605162142976.000000 1.073403358 0.059294842 0.386716723 -0.684536040 -0.458569765 -0.472635210 0.312634140
1403715605412143104.000000 1.032121539 0.133255154 0.389840692 -0.682556152 -0.452999353 -0.470111966 0.328486532
1403715605662142976.000000 0.999639153 0.206351459 0.353194654 -0.686742365 -0.453566283 -0.459203064 0.334357738
1403715606112143104.000000 0.975186944 0.336181492 0.266180605 -0.671937466 -0.465014011 -0.475782663 0.325412035
1403715606562142976.000000 0.937484622 0.464710146 0.191378802 -0.674034953 -0.460180163 -0.463449538 0.345145851
1403715607012143104.000000 0.937789202 0.551647902 0.148953915 -0.659156561 -0.462007821 -0.474357069 0.356436223
1403715607412143104.000000 0.942557752 0.569706976 0.096756741 -0.658239126 -0.475518614 -0.474193662 0.340211213
1403715607862142976.000000 0.894397736 0.559422970 0.067449965 -0.664296687 -0.471724361 -0.471809685 0.337018758
1403715608212143104.000000 0.884799421 0.559171915 0.057725281 -0.659831762 -0.480706006 -0.473172605 0.331136674
1403715608712143104.000000 0.884126186 0.559360385 0.055106439 -0.660557151 -0.479814410 -0.472436994 0.332032800
1403715609212143104.000000 0.882315874 0.556199908 0.055554770 -0.660732687 -0.479518265 -0.472344100 0.332243234
