1403715886584058368.000000 0.000000000 0.000000000 0.000000000 -0.000000000 -0.000000000 -0.000000000 1.000000000
1403715893984058112.000000 -0.017872233 -0.033593804 -0.032728799 0.021761997 -0.009277442 0.012891045 0.999637067
1403715894084058368.000000 -0.022870250 -0.040308882 -0.043618210 0.006424130 -0.008835748 0.012367892 0.999863863
1403715894784058112.000000 -0.137672409 -0.140913039 -0.097660728 0.010263100 0.002550136 -0.000645804 0.999943912
1403715894884058112.000000 -0.167379081 -0.156827226 -0.100442134 0.017164260 0.000137661 0.005192080 0.999839246
1403715896434058240.000000 -0.652798891 -0.410317391 -0.174286544 0.029244803 -0.022784937 0.073327877 0.996618569
1403715896634057984.000000 -0.667069972 -0.445723057 -0.187803328 0.035793416 -0.030321470 0.091020271 0.994743586
1403715896834057984.000000 -0.649225473 -0.458504289 -0.205554560 0.035218302 -0.034429170 0.099328287 0.993835092
1403715897084058368.000000 -0.561281919 -0.474741161 -0.235566556 0.021766437 -0.047071051 0.127683327 0.990458250
1403715897284058112.000000 -0.425499707 -0.488801897 -0.259157747 0.018551236 -0.039752234 0.110645019 0.992891371
1403715898084058368.000000 0.364888817 -0.534221172 -0.302345961 0.037846655 -0.013346471 0.051532414 0.997864723
1403715898184058112.000000 0.477423310 -0.543034375 -0.304795831 0.049431380 -0.003823581 0.044001676 0.997800469
1403715898284058112.000000 0.592984259 -0.546180785 -0.309136033 0.052911777 0.010006063 0.039130013 0.997782052
1403715898384058112.000000 0.705023289 -0.548762441 -0.317891240 0.046290115 0.027632490 0.039177392 0.997776926
1403715898484058112.000000 0.820828319 -0.543409824 -0.324136913 0.032536682 0.045182403 0.043602020 0.997496247
1403715898934058240.000000 1.302341819 -0.462246180 -0.352375984 0.007849650 0.131034791 0.069800809 0.988886297
1403715899384058112.000000 1.720917463 -0.300070375 -0.328182310 -0.039382987 0.154706493 0.062744267 0.985179186
1403715899534057984.000000 1.853437304 -0.285131872 -0.312497795 -0.046084851 0.152937904 0.056600057 0.985536695
1403715899684058112.000000 1.972751737 -0.277912021 -0.277594984 -0.044099089 0.149365872 0.058090936 0.986088514
1403715899834057984.000000 2.085010052 -0.281280726 -0.228119016 -0.036567599 0.150823310 0.045039400 0.986856937
1403715899984058112.000000 2.189915657 -0.290313005 -0.170527577 -0.025350608 0.155265406 0.021156149 0.987320840
1403715900184058112.000000 2.305034876 -0.306526482 -0.079318322 -0.019825656 0.157957718 0.003085061 0.987242043
1403715900284058112.000000 2.340894222 -0.319931030 -0.025838893 -0.019082347 0.160432950 -0.001928040 0.986860394
1403715900384058112.000000 2.373360157 -0.334457368 0.029457204 -0.019464208 0.160410881 -0.003716764 0.986851394
1403715900484058112.000000 2.393856049 -0.354028165 0.087941259 -0.018324880 0.155788735 0.010194177 0.987567842
1403715900584058368.000000 2.403341293 -0.378518790 0.149643302 -0.005003318 0.149883792 0.029804580 0.988241613
1403715900684058112.000000 2.412325621 -0.406078726 0.211183995 0.014589853 0.142683402 0.050982606 0.988346815
1403715900784058112.000000 2.416202545 -0.430992752 0.271214247 0.040502097 0.139720798 0.062195037 0.987405419
1403715900984058112.000000 2.414238930 -0.485010982 0.377357155 0.072201259 0.148244187 0.051719598 0.984954655
1403715901084058368.000000 2.405321360 -0.507038534 0.417868257 0.087226383 0.151860997 0.048904710 0.983330131
1403715901284058112.000000 2.386033058 -0.540758252 0.460675627 0.108985536 0.152133152 0.050166074 0.981051028
1403715901484058112.000000 2.349664211 -0.558987677 0.454068094 0.083157189 0.147655651 0.063531369 0.983486891
1403715901584058368.000000 2.319844484 -0.559273601 0.441025913 0.069370806 0.149617597 0.065093152 0.984157085
1403715901684058112.000000 2.287024260 -0.566284478 0.417276323 0.063356772 0.152801156 0.064227358 0.984130383
1403715902034057984.000000 2.177407265 -0.556434989 0.303215057 0.036369260 0.150182515 0.065564446 0.985811234
1403715902134057984.000000 2.141792536 -0.551140189 0.265567482 0.038160790 0.151608393 0.061720323 0.985773444
1403715902234058240.000000 2.106954813 -0.551636696 0.224985361 0.032779396 0.153439254 0.054318804 0.986119330
1403715902334057984.000000 2.068993807 -0.546464562 0.185020506 0.021884052 0.154305533 0.048540205 0.986587465
1403715902434058240.000000 2.029869318 -0.530321300 0.139439628 0.015992040 0.153030545 0.045079779 0.987063169
1403715902684058112.000000 1.916049004 -0.501779020 0.030511342 -0.000137971 0.132904485 0.068356194 0.988768876
1403715904084058368.000000 1.253392339 -0.586085260 -0.096916363 0.017974919 -0.182153881 -0.033011224 0.982551336
1403715904234058240.000000 1.190755010 -0.656697631 -0.079837009 0.024624413 -0.238393545 -0.057505049 0.969151914
1403715904884058112.000000 0.966963530 -0.800019383 0.022498801 0.064457618 -0.449609965 -0.155026957 0.877304256
1403715904984058112.000000 0.935384393 -0.787518382 0.030932337 0.066942781 -0.489560336 -0.159888998 0.854567111
1403715905084058368.000000 0.908505201 -0.771617532 0.040304899 0.075862609 -0.527588785 -0.167435929 0.829373360
1403715905234058240.000000 0.874570847 -0.739183545 0.058302224 0.092332207 -0.575286329 -0.181085706 0.792293131
1403715905434058240.000000 0.853520036 -0.683274865 0.063084245 0.081367679 -0.616119623 -0.223807454 0.750790358
1403715905534057984.000000 0.852837086 -0.646619141 0.065489888 0.073447466 -0.636174798 -0.240257010 0.729495466
1403715905634057984.000000 0.851613164 -0.624385953 0.068109393 0.055996433 -0.662251711 -0.248140052 0.704779148
1403715905734058240.000000 0.858531237 -0.603715599 0.055521190 0.036093481 -0.688712955 -0.251757652 0.678962350
1403715906034057984.000000 0.863512158 -0.609984100 -0.017771602 -0.011479425 -0.756722569 -0.315968871 0.572191298
1403715906084058368.000000 0.869983912 -0.509139121 0.006123543 0.003185589 -0.772596896 -0.314333230 0.551614463
1403715906584058368.000000 0.845378280 -0.339031219 -0.102292299 0.060756464 -0.877474964 -0.345414579 0.327162176
1403715906684058112.000000 0.848984480 -0.330149651 -0.132379413 0.049404293 -0.894697666 -0.342648476 0.282254010
1403715906734058240.000000 0.851195157 -0.325237334 -0.149980843 0.043492824 -0.902104259 -0.342144251 0.259333014
1403715906834057984.000000 0.857946157 -0.314038217 -0.185968459 0.033383474 -0.914800584 -0.342079669 0.212148383
1403715906934058240.000000 0.864190459 -0.299458772 -0.218369812 0.029508561 -0.925806105 -0.339917004 0.162692487
1403715907684058112.000000 0.981504560 -0.255500078 -0.392091393 -0.059200156 0.915980995 0.330045283 0.220327720
1403715907734058240.000000 0.998186052 -0.261205494 -0.398043454 -0.054315988 0.912987709 0.325777888 0.239524573
1403715908284058112.000000 1.154217243 -0.328059793 -0.403052926 -0.006204802 0.835931659 0.292164326 0.464564204
1403715908584058368.000000 1.191495657 -0.361720026 -0.362320423 0.000867743 0.756139994 0.269681334 0.596257985
1403715908734058240.000000 1.197815180 -0.380574018 -0.342026055 0.002191764 0.710876942 0.245818809 0.658955455
1403715909334057984.000000 1.130352736 -0.433639884 -0.205296010 -0.011615306 0.516753376 0.187156126 0.835346401
1403715910634057984.000000 0.633539259 -0.434106022 0.210834622 0.072879538 -0.057733484 -0.019460723 0.995478153
1403715910984058112.000000 0.462843597 -0.411199272 0.202127010 0.071000330 -0.184762821 -0.055147488 0.978662610
1403715911134057984.000000 0.403783351 -0.394390762 0.177784488 0.078641668 -0.242135346 -0.066557363 0.964757025
1403715911334057984.000000 0.327356756 -0.369539618 0.125228718 0.080782942 -0.315608561 -0.086519442 0.941477418
1403715911534057984.000000 0.271086246 -0.331867844 0.052418966 0.061742079 -0.383177429 -0.108577415 0.915190637
1403715911734058240.000000 0.233154476 -0.281482577 -0.026321720 0.044261184 -0.436636746 -0.146745309 0.886484683
1403715912034057984.000000 0.185616165 -0.257377297 -0.169794142 0.046192277 -0.505476654 -0.184758857 0.841560423
1403715912484058112.000000 0.140041322 -0.268024951 -0.420875311 0.038532551 -0.586229980 -0.201126933 0.783835232
1403715912634057984.000000 0.132657588 -0.264276743 -0.494934320 0.036586013 -0.617167652 -0.210843936 0.757172644
1403715912734058240.000000 0.129016638 -0.262243539 -0.544099629 0.036604162 -0.641154170 -0.219269976 0.734508097
1403715912834057984.000000 0.129157305 -0.255890071 -0.589039683 0.037853438 -0.669130266 -0.228638768 0.706085086
1403715913034057984.000000 0.134891748 -0.224186763 -0.678638756 0.039903838 -0.726780474 -0.248886421 0.638947070
1403715913134057984.000000 0.133209765 -0.203745335 -0.721630692 0.040844653 -0.751702905 -0.259988695 0.604715109
1403715913234058240.000000 0.131044924 -0.181188375 -0.759938300 0.044833738 -0.776667297 -0.265888929 0.569281042
1403715913334057984.000000 0.129742384 -0.160256296 -0.794817507 0.058091566 -0.797178984 -0.271822900 0.535950840
1403715913434058240.000000 0.130701363 -0.140346855 -0.829633653 0.074365869 -0.810122907 -0.279348403 0.510034323
1403715913634057984.000000 0.149873734 -0.096543401 -0.891794324 0.117621712 -0.820096850 -0.286371261 0.481246054
1403715913834057984.000000 0.211243987 -0.050873369 -0.970732033 0.120834216 -0.818652451 -0.296360314 0.476841480
1403715913934058240.000000 0.252825499 -0.030877411 -1.013745785 0.104400851 -0.817068636 -0.303534091 0.478922069
1403715914034057984.000000 0.302856922 -0.008922160 -1.062329173 0.094822124 -0.814850748 -0.307278782 0.482293218
1403715914534057984.000000 0.611456752 0.103944957 -1.358353376 0.018844564 -0.773872137 -0.325420767 0.543017626
1403715914784058112.000000 0.732194901 0.154868752 -1.522829533 -0.038812317 -0.743030071 -0.310305625 0.591701210
1403715914884058112.000000 0.766179442 0.178602248 -1.588881254 -0.070035487 -0.733012795 -0.296800643 0.608026862
1403715914984058112.000000 0.785476208 0.199561000 -1.648214579 -0.086818874 -0.725787044 -0.286779970 0.619235754
1403715915084058368.000000 0.791471601 0.214826196 -1.699079275 -0.096611857 -0.721847415 -0.278048694 0.626331687
1403715915184058112.000000 0.781352758 0.226477087 -1.742244720 -0.096485488 -0.720558167 -0.271950454 0.630499363
1403715915334057984.000000 0.741361976 0.235139459 -1.785529137 -0.049302816 -0.724629402 -0.268736899 0.632662594
1403715915784058112.000000 0.548567295 0.308883011 -1.858246803 0.026484894 -0.727866232 -0.287503123 0.621973693
1403715915934058240.000000 0.477243662 0.347685218 -1.880120277 0.012065795 -0.727684915 -0.296261042 0.618513107
1403715916084058368.000000 0.396721125 0.383651108 -1.904960036 0.014537048 -0.731999278 -0.288681179 0.616951346
1403715916234058240.000000 0.307153702 0.417733043 -1.926934123 0.021539431 -0.726146817 -0.276765764 0.629005253
1403715916384058112.000000 0.216911077 0.451530039 -1.947722316 0.026237983 -0.706926823 -0.261552006 0.656625152
1403715916534057984.000000 0.122091293 0.475237906 -1.967710376 0.018318661 -0.680276513 -0.245505989 0.690373182
1403715916734058240.000000 0.002779722 0.514682055 -1.987375259 0.004197214 -0.640035212 -0.216944456 0.737070143
1403715916884058112.000000 -0.093945026 0.531870246 -2.003793001 -0.012557526 -0.618803084 -0.191926539 0.761635900
1403715917034057984.000000 -0.174815416 0.542055607 -1.996697426 -0.017191332 -0.608704090 -0.166304395 0.775581479
1403715917184058112.000000 -0.259156466 0.541165471 -1.977469921 0.025821704 -0.593988717 -0.155388758 0.788901210
1403715917584058368.000000 -0.418187618 0.525459230 -1.918057203 0.053057894 -0.545827031 -0.158262700 0.821103394
1403715917784058112.000000 -0.460800767 0.534894109 -1.888482809 0.045377728 -0.551351964 -0.136617109 0.821758866
1403715917984058112.000000 -0.475080371 0.540080547 -1.852773428 0.068966120 -0.555971563 -0.132466644 0.817674696
1403715918184058112.000000 -0.459143877 0.542587042 -1.822368622 0.084338777 -0.536454082 -0.154799551 0.825312734
1403715918334057984.000000 -0.429679990 0.541371286 -1.805654883 0.073188268 -0.520866156 -0.142514408 0.838469863
1403715918534057984.000000 -0.365923762 0.570583165 -1.772388697 0.023470879 -0.497425497 -0.123452298 0.858356893
1403715918734058240.000000 -0.293829203 0.610722482 -1.729594946 0.009312185 -0.467532456 -0.127693862 0.874654830
1403715918884058112.000000 -0.230814815 0.625850439 -1.694410205 0.009321978 -0.446703523 -0.158881351 0.880412281
1403715919084058368.000000 -0.155953825 0.614900887 -1.657608628 -0.013201364 -0.431119919 -0.192201942 0.881487250
1403715919284058112.000000 -0.110246599 0.581310391 -1.620186687 0.016575474 -0.423461914 -0.222972065 0.877888799
1403715919984058112.000000 -0.146110415 0.637699723 -1.524799466 0.030571640 -0.438759774 -0.194133013 0.876850963
1403715920184058112.000000 -0.188190281 0.663976789 -1.521692276 0.013089410 -0.441579938 -0.195264459 0.875618398
1403715920334057984.000000 -0.233525217 0.659940958 -1.531439543 0.011579426 -0.453008801 -0.182179764 0.872616470
1403715920484058112.000000 -0.283573687 0.645206809 -1.545018196 0.020836370 -0.466828316 -0.166676655 0.868248820
1403715920734058240.000000 -0.364860475 0.612384617 -1.565249324 0.043438997 -0.485008270 -0.143841818 0.861504257
1403715920934058240.000000 -0.407527924 0.569691896 -1.593490362 0.045156401 -0.505498111 -0.145837694 0.849213779
1403715921584058368.000000 -0.466568232 0.351050109 -1.677891135 0.025626190 -0.544398725 -0.205807775 0.812783182
1403715921834057984.000000 -0.504001856 0.240290955 -1.721191764 0.022426032 -0.544911146 -0.196160838 0.814917088
1403715922184058112.000000 -0.560710669 0.096683279 -1.758956671 0.029758964 -0.545840442 -0.180856034 0.817596316
1403715922384058112.000000 -0.590803266 -0.003242299 -1.788576365 0.045177374 -0.545058787 -0.175850540 0.818502665
1403715922534057984.000000 -0.599901795 -0.081927299 -1.806906581 0.047700264 -0.546487272 -0.179024786 0.816716969
1403715922684058112.000000 -0.606638432 -0.152069211 -1.828842282 0.047249489 -0.550600886 -0.170379251 0.815829098
1403715922834057984.000000 -0.606609106 -0.203087151 -1.843837857 0.049857717 -0.549338877 -0.177579239 0.814988732
1403715922984058112.000000 -0.603263974 -0.232834250 -1.853850603 0.053340610 -0.547018647 -0.185761690 0.814504743
1403715923184058112.000000 -0.592187166 -0.263698250 -1.873475552 0.050649889 -0.544544041 -0.193987444 0.814417124
1403715923384058112.000000 -0.577650189 -0.317849219 -1.907044053 0.030338978 -0.546933949 -0.193824336 0.813864291
1403715923584058368.000000 -0.563860655 -0.360353976 -1.941596389 0.010793459 -0.556123674 -0.172274366 0.812976956
1403715923684058112.000000 -0.556364775 -0.364422917 -1.947838783 0.007085253 -0.560150206 -0.162463054 0.812272906
1403715923784058112.000000 -0.551337719 -0.356950939 -1.946609139 0.006969227 -0.562325478 -0.156286359 0.811982810
1403715923884058112.000000 -0.543124557 -0.340509772 -1.933543324 0.016364990 -0.564478874 -0.152393147 0.811093152
1403715924034057984.000000 -0.526476502 -0.297844917 -1.904502511 0.037722640 -0.565330684 -0.147711262 0.810653806
1403715924184058112.000000 -0.501870394 -0.249031305 -1.866581798 0.050536774 -0.561333835 -0.155532166 0.811270714
1403715924434058240.000000 -0.436143160 -0.164399147 -1.797881842 0.043169387 -0.553721011 -0.172517538 0.813490808
1403715924634057984.000000 -0.376184940 -0.105474301 -1.751234531 0.020334404 -0.546159446 -0.180897683 0.817662835
1403715924934058240.000000 -0.286171019 -0.026749598 -1.648466706 0.011614888 -0.515441775 -0.142863989 0.844851971
1403715925234058240.000000 -0.175103426 0.013929541 -1.523189068 0.053999174 -0.440651834 -0.107883222 0.889534354
1403715925734058240.000000 0.088505134 -0.018421939 -1.375135899 0.009585486 -0.295228571 -0.050709989 0.954031825
1403715926134057984.000000 0.344903797 -0.025649147 -1.229390025 0.037308719 -0.157696590 0.003280809 0.986777186
1403715926534057984.000000 0.680162072 0.007528172 -1.084797621 0.069005102 0.001733245 0.049261104 0.996397853
1403715926884058112.000000 1.001649022 0.122445203 -1.027018428 0.023276901 0.126847327 0.063879751 0.989589453
1403715927234058240.000000 1.284150958 0.175197273 -1.020877242 0.020895537 0.222105056 0.062582672 0.972787797
1403715927534057984.000000 1.459410548 0.203478754 -1.026193619 0.062676467 0.294539750 0.061272021 0.951611102
1403715928984058112.000000 1.193428993 0.622055769 -1.461121082 -0.055401269 0.627608001 0.305877954 0.713777006
1403715929084058368.000000 1.156284213 0.610411346 -1.513190985 -0.073504649 0.606325746 0.315715313 0.726147354
1403715929184058112.000000 1.131727338 0.592684031 -1.564794302 -0.090025656 0.589059651 0.317497432 0.737630963
1403715929334057984.000000 1.125852704 0.569137335 -1.641095400 -0.107885309 0.580563724 0.284011662 0.755409837
1403715929434058240.000000 1.135694146 0.559023380 -1.679838181 -0.111491248 0.591882586 0.226905450 0.765348613
1403715929534057984.000000 1.155785322 0.549233079 -1.709442258 -0.112969622 0.604855239 0.169163272 0.769916832
1403715929684058112.000000 1.186692595 0.520222604 -1.725441694 -0.109930523 0.616765976 0.128675133 0.768737674
1403715930684058112.000000 1.259991407 0.382324815 -1.487282157 -0.002751918 0.594949007 0.301939905 0.744889617
1403715930834057984.000000 1.278101563 0.389916480 -1.501871705 -0.014975626 0.595795631 0.305209756 0.742731631
1403715931034057984.000000 1.325871229 0.380820721 -1.542140603 -0.050603151 0.604118943 0.285411865 0.742307007
1403715931584058368.000000 1.629060626 0.327530652 -1.630482435 -0.052917324 0.604733706 0.281160116 0.743267059
1403715931734058240.000000 1.749267697 0.320858717 -1.639718413 -0.051397547 0.605759203 0.267728001 0.747486293
1403715931934058240.000000 1.922456622 0.321965039 -1.640941501 -0.032511715 0.607416213 0.248490602 0.753817618
1403715932234058240.000000 2.180979729 0.298504233 -1.630542278 0.033931099 0.624059379 0.190384611 0.757068217
1403715932434058240.000000 2.307594538 0.267883182 -1.619283557 0.086489469 0.636808932 0.147948474 0.751734793
1403715932634057984.000000 2.358700514 0.231029183 -1.615479469 0.125691667 0.641556025 0.123850331 0.746504247
1403715932834057984.000000 2.309327126 0.185863823 -1.626142502 0.140408844 0.644975483 0.113232836 0.742610514
1403715932984058112.000000 2.202950954 0.163246661 -1.640864730 0.087016821 0.640436113 0.155333117 0.747088552
1403715933334057984.000000 1.851777315 0.099899888 -1.679275751 -0.063328974 0.601741672 0.283176750 0.744115114
1403715933534057984.000000 1.684773684 0.056441993 -1.691730380 -0.123862684 0.566003859 0.365038931 0.728727818
1403715933734058240.000000 1.616848350 0.015533745 -1.709081173 -0.168338194 0.548964620 0.395197898 0.717020750
1403715933934058240.000000 1.686934114 -0.047296554 -1.724101424 -0.154322162 0.568747640 0.367006332 0.719734073
1403715934334057984.000000 2.057433605 -0.193384767 -1.744294643 0.074223384 0.662265897 0.172194108 0.725426733
1403715934534057984.000000 2.178801060 -0.212965012 -1.726357937 0.137248352 0.674121618 0.116075046 0.716414332
1403715934934058240.000000 2.052206278 -0.248294294 -1.738211036 0.132678971 0.657082736 0.138180092 0.729071259
1403715935084058368.000000 1.882081151 -0.252473712 -1.757151008 0.053790875 0.637074530 0.209996611 0.739691854
1403715935834057984.000000 1.186130285 -0.119733170 -1.764106154 -0.150193036 0.572845936 0.353982598 0.723868728
1403715936084058368.000000 1.216021776 -0.088807791 -1.743283987 -0.113632463 0.593715310 0.323463410 0.727984369
1403715936284058112.000000 1.322834730 -0.084091574 -1.713981509 -0.014888596 0.638714552 0.237655044 0.731670856
1403715936584058368.000000 1.456744432 -0.075571477 -1.658942223 0.070684910 0.662340522 0.189772904 0.721314728
1403715936834057984.000000 1.477403998 -0.063951194 -1.624040008 0.068391517 0.661548138 0.200489178 0.719361424
1403715937284058112.000000 1.351503730 -0.034454823 -1.583252430 0.007065058 0.613961041 0.238763750 0.752325535
1403715937534057984.000000 1.247277975 0.013129368 -1.547781348 -0.009706872 0.563719749 0.233790591 0.792128623
1403715937834057984.000000 1.143829107 0.101382062 -1.489757299 -0.061895806 0.500763237 0.248606816 0.826800883
1403715938134057984.000000 1.118528843 0.167202413 -1.412783027 -0.077524066 0.443110019 0.234045118 0.861897051
1403715938734058240.000000 1.300890684 0.092243090 -1.186733603 -0.019013701 0.336845934 0.140738755 0.930787802
1403715939034057984.000000 1.418279409 0.037957676 -1.029662013 -0.079260670 0.308089763 0.160777465 0.934317410
1403715940034057984.000000 1.794336081 -0.219576806 -0.509882212 0.156724527 0.348277539 0.074862145 0.921160042
1403715941284058112.000000 1.713995218 -0.661166430 -0.436450958 0.077811107 0.350287646 0.116211154 0.926141977
1403715941584058368.000000 1.836802006 -0.793994784 -0.281363547 0.181212813 0.352089286 0.098292895 0.912980616
1403715941784058112.000000 1.860926747 -0.802229941 -0.244566560 0.235750079 0.344761103 0.094855405 0.903639376
1403715941984058112.000000 1.804336548 -0.764377236 -0.283602595 0.231026307 0.346760929 0.090064444 0.904583931
1403715942184058112.000000 1.671792507 -0.704068720 -0.398340315 0.095390916 0.344055772 0.126476958 0.925489008
1403715942884058112.000000 1.283141017 -0.118248761 -0.698775530 -0.163156465 0.294369698 0.195814624 0.921077132
1403715944084058368.000000 1.522990346 -0.059919551 -0.390446723 0.126241252 0.314322293 0.108285256 0.934633076
1403715944534057984.000000 1.363353372 -0.046134297 -0.626274943 -0.126251057 0.206619769 0.154806972 0.957811952
1403715944834057984.000000 1.357923746 -0.079017714 -0.654351890 -0.151751667 0.122332029 0.119734883 0.973483384
1403715945684058112.000000 1.462968707 -0.335215002 -0.478648663 0.122976512 0.073263057 0.018806834 0.989522934
1403715946084058368.000000 1.385820031 -0.338005632 -0.653969884 -0.098814942 0.057844028 0.045476548 0.992381752
1403715946484058112.000000 1.316064358 -0.434841603 -0.630333900 -0.091976993 0.002263861 0.007479064 0.995730460
1403715946884058112.000000 1.230407596 -0.614281714 -0.447044730 0.103137925 -0.025708809 0.003273113 0.994329393
1403715947284058112.000000 1.151972890 -0.687562466 -0.410986245 0.217024550 -0.019145248 0.016773155 0.975834250
1403715947684058112.000000 1.100186348 -0.569802821 -0.613926649 0.008298970 -0.024769515 0.038218964 0.998927891
1403715948084058368.000000 1.094029307 -0.362971723 -0.770055115 -0.145917475 -0.032627221 0.010448927 0.988703370
1403715948534057984.000000 1.063542366 -0.320165038 -0.596924782 -0.026394753 -0.034414172 0.008313112 0.999024451
1403715948984058112.000000 1.017339587 -0.333649337 -0.328041673 0.131516799 -0.018372504 0.011119913 0.991081297
1403715949284058112.000000 0.991538346 -0.278993696 -0.296848714 0.097149886 -0.062554650 -0.000278222 0.993301928
1403715949634057984.000000 1.003330469 -0.222351372 -0.355722159 -0.075563356 -0.125737250 -0.041185915 0.988323867
1403715949934058240.000000 0.972077429 -0.216199130 -0.313125670 -0.107471250 -0.179326102 -0.093210012 0.973449528
1403715950984058112.000000 0.634102345 -0.464565814 -0.020334905 0.176454037 -0.272470087 -0.046386901 0.944707513
1403715951584058368.000000 0.686717033 -0.335444003 -0.394873261 -0.111828387 -0.303135842 -0.148620963 0.934620202
1403715951884058112.000000 0.619799793 -0.363055825 -0.440975368 -0.127656490 -0.349746406 -0.173721418 0.911702871
1403715952234058240.000000 0.398587734 -0.525926948 -0.364954472 0.062441573 -0.442981988 -0.112455621 0.887255192
1403715952584058368.000000 0.282137781 -0.612221062 -0.273458302 0.144585699 -0.498332709 -0.086929999 0.850413203
1403715952884058112.000000 0.337591320 -0.665466726 -0.288332343 0.193898529 -0.521567583 -0.064476348 0.828379989
1403715953134057984.000000 0.534974337 -0.648024678 -0.320162296 0.045381017 -0.517183483 -0.163217261 0.838940978
1403715953634057984.000000 0.829736292 -0.534753025 -0.383865952 -0.120318465 -0.506163359 -0.280963629 0.806462288
1403715954034057984.000000 0.709212422 -0.541357934 -0.300735235 -0.012454579 -0.548139691 -0.331432164 0.767815411
1403715954384058112.000000 0.406456321 -0.562990189 -0.256619990 0.134772941 -0.605117440 -0.207892537 0.756604135
1403715954784058112.000000 0.248756543 -0.520210564 -0.317431211 0.184666201 -0.637961566 -0.100633517 0.740794420
1403715955084058368.000000 0.368692517 -0.455761701 -0.404680312 0.083927564 -0.617534935 -0.188832894 0.758912981
1403715955384058112.000000 0.538202941 -0.385298461 -0.523152411 -0.043963492 -0.581298947 -0.263694555 0.768520594
1403715955834057984.000000 0.596037030 -0.348781586 -0.614439189 -0.073303454 -0.607960105 -0.287065953 0.736616790
1403715956234058240.000000 0.387046248 -0.435446471 -0.668955564 0.113815077 -0.723454237 -0.216131836 0.645714402
1403715956634057984.000000 0.368668020 -0.491281629 -0.729156673 0.165454850 -0.818295956 -0.160743117 0.526477039
1403715957184058112.000000 0.779523730 -0.558102846 -0.693460047 0.012336371 -0.785922408 -0.332048923 0.521456897
1403715957734058240.000000 1.049328685 -0.429947108 -0.682005227 -0.081996225 -0.714118600 -0.454162866 0.526352882
1403715958084058368.000000 0.845506608 -0.318113238 -0.797215462 0.046824660 -0.814754248 -0.289939553 0.499917984
1403715958434058240.000000 0.704680085 -0.213735849 -0.950459003 0.119728073 -0.878606379 -0.174500629 0.428095281
1403715958734058240.000000 0.749569178 -0.149534464 -0.963181376 0.092439763 -0.910681427 -0.169310600 0.365305603
1403715958984058112.000000 0.871269584 -0.141048178 -0.872350812 -0.008108065 -0.911203027 -0.269405723 0.311550796
1403715959584058368.000000 1.089862347 -0.114018843 -0.616450548 -0.004340454 -0.839836001 -0.503415465 0.203050435
1403715959834057984.000000 1.078283072 -0.120885670 -0.717933774 0.020406405 -0.884116709 -0.436499804 0.165496781
1403715960084058368.000000 1.037350893 -0.088659286 -0.866401970 0.044991415 -0.953053296 -0.268233418 0.133101404
1403715960334057984.000000 1.024629951 -0.087963581 -0.960047841 0.064090796 -0.973164439 -0.184606507 0.121506408
1403715960534057984.000000 1.051335692 -0.117636591 -0.952274621 0.068198584 -0.975851953 -0.168029457 0.121770725
1403715960784058112.000000 1.111925364 -0.192658246 -0.826010227 0.055717900 -0.939875841 -0.309022188 0.134291783
1403715961034057984.000000 1.207558274 -0.269180179 -0.680784702 0.040840153 -0.873317003 -0.461852312 0.149472192
1403715961334057984.000000 1.307969928 -0.328032494 -0.647604465 0.005925176 -0.837841690 -0.520698488 0.163888037
1403715961584058368.000000 1.325980663 -0.346575558 -0.780749440 -0.003475268 -0.901245713 -0.412438065 0.132811517
1403715961884058112.000000 1.328436971 -0.349795014 -0.996922433 0.040696375 -0.961006403 -0.267630517 0.056430306
1403715962134057984.000000 1.337355614 -0.333686352 -1.093580008 0.044289693 -0.986072838 -0.160208285 0.005662879
1403715962334057984.000000 1.349814534 -0.329788178 -1.058279514 -0.021688135 0.986865520 0.155682355 0.037270483
1403715962484058112.000000 1.370395064 -0.343376756 -0.967858315 0.010837032 0.977037370 0.203681052 0.061600175
1403715962684058112.000000 1.344832778 -0.356079638 -0.782012045 0.059591603 0.944690824 0.307320505 0.097786613
1403715962934058240.000000 1.262128830 -0.351859808 -0.517516196 0.045109365 0.902479291 0.404844075 0.139991522
1403715963234058240.000000 1.128025293 -0.267971158 -0.249725580 -0.053732570 0.836560726 0.507702351 0.198789686
1403715963484058112.000000 1.065390825 -0.121202469 -0.141053736 -0.056858391 0.845610321 0.460651755 0.263648003
1403715963834057984.000000 1.060286045 0.070501715 -0.131832480 -0.015933245 0.890394568 0.295851201 0.345565736
1403715964084058368.000000 1.047501087 0.138205230 -0.112576723 -0.027252588 0.870829344 0.325780153 0.367125064
1403715964334057984.000000 1.050524950 0.126106083 -0.114033699 -0.049368966 0.854382336 0.356452346 0.374880344
1403715964584058368.000000 1.090116143 0.081283629 -0.136045933 -0.034877688 0.859310687 0.344448775 0.376462102
1403715964884058112.000000 1.155509114 0.005411267 -0.180198312 0.019746624 0.864111960 0.331685334 0.378028363
1403715965284058112.000000 1.182514191 -0.059772074 -0.226099133 -0.004647638 0.863300741 0.316539586 0.393055916
1403715965884058112.000000 1.268826485 -0.098881006 -0.356771111 -0.020202069 0.870602846 0.304492265 0.385910660
1403715967334057984.000000 1.462085843 -0.385159165 -0.435667634 0.012979996 0.910678148 0.208035722 0.356676430
1403715967634057984.000000 1.488460898 -0.474906921 -0.380188704 0.035392653 0.898826659 0.235624656 0.367884547
1403715968134057984.000000 1.350959778 -0.615779996 -0.171481252 -0.041603867 0.783253789 0.430552840 0.446549952
1403715968934058240.000000 1.229273319 -0.487311214 -0.074440360 0.046922039 0.861984193 0.202704817 0.462268770
1403715969434058240.000000 0.921293378 -0.411854267 0.129301608 -0.102821432 0.763626695 0.448572636 0.452862710
1403715969784058112.000000 0.926372647 -0.350503981 0.144423664 -0.168571368 0.785074711 0.375634968 0.462752432
1403715970084058368.000000 1.123648286 -0.329166800 0.128440738 -0.028248740 0.838000059 0.266523242 0.475313932
1403715970434058240.000000 1.307203889 -0.354689777 0.181771040 0.073991753 0.857543349 0.175950870 0.477688193
1403715970784058112.000000 1.255881667 -0.412698686 0.342048287 0.035609502 0.800639987 0.350953847 0.484292269
1403715971334057984.000000 1.198292732 -0.486637175 0.299189210 -0.110902905 0.748274088 0.401537657 0.516288638
1403715971734058240.000000 1.449563742 -0.546249151 0.113152146 -0.042868890 0.752951026 0.193506584 0.627520740
1403715972534057984.000000 1.571693897 -0.733907342 0.112012148 0.081652321 0.668043256 0.155559316 0.723085344
1403715972934058240.000000 1.295707941 -0.782376826 0.137763739 -0.013395438 0.633239210 0.284676552 0.719574869
1403715973484058112.000000 0.940656662 -0.766167998 0.112739742 -0.005602054 0.643229842 0.299730331 0.704546452
1403715973934058240.000000 0.734207630 -0.726785660 0.005036354 -0.033388782 0.619639456 0.350634634 0.701418221
1403715975084058368.000000 0.837528586 -0.450033247 -0.490813702 -0.016598595 0.639598191 0.265286922 0.721291542
1403715975584058368.000000 0.959966421 -0.338602722 -0.675574124 -0.017492097 0.638671279 0.236479566 0.732031703
1403715976234058240.000000 1.104307413 -0.315661073 -0.839124560 -0.026587799 0.636901915 0.245918781 0.730186939
1403715977834057984.000000 1.408722639 -0.420555294 -0.567041099 -0.009935329 0.384518802 0.142888233 0.911937296
1403715978234058240.000000 1.402532578 -0.467436850 -0.395697385 0.008666648 0.235660583 0.034328356 0.971190274
1403715978734058240.000000 1.216444850 -0.532660306 -0.172748566 0.041309692 0.016813161 0.006536090 0.998983562
1403715979434058240.000000 0.836727262 -0.608518600 -0.028547276 0.094315976 -0.297431082 -0.121737882 0.942241549
1403715979884058112.000000 0.616977990 -0.631788671 -0.098929510 0.102295138 -0.474977404 -0.190962315 0.852915943
1403715980234058240.000000 0.491411656 -0.593074322 -0.263935775 0.119431891 -0.618163586 -0.214794949 0.746641099
1403715980584058368.000000 0.459877074 -0.483127505 -0.533368945 0.098058350 -0.744083941 -0.223123208 0.622044861
1403715981334057984.000000 0.666649699 -0.340689212 -1.012576461 0.040552016 -0.928438246 -0.273034751 0.248616099
1403715981634057984.000000 0.835138321 -0.327170014 -1.077128172 0.025039544 -0.961917162 -0.264968276 0.062291201
1403715981884058112.000000 0.971781135 -0.325073719 -1.040372849 -0.030102530 0.951455474 0.294204950 0.085262991
1403715982484058112.000000 1.228842616 -0.436307609 -0.774206400 -0.023623666 0.878341377 0.301025361 0.370596975
1403715982884058112.000000 1.343658209 -0.546183825 -0.504377604 -0.012633594 0.788676441 0.269580781 0.552409351
1403715983334057984.000000 1.383780241 -0.667099535 -0.157185435 0.010983343 0.645539880 0.220756471 0.731043220
1403715983934058240.000000 1.303216457 -0.817504644 0.150164306 0.092191555 0.369082630 0.133988515 0.915055096
1403715984234058240.000000 1.127770066 -0.886906266 0.240465268 0.082227819 0.248198882 0.116774350 0.958122969
1403715984534057984.000000 0.943851292 -0.908025742 0.224623799 0.079616003 0.135908872 0.081325196 0.984162748
1403715984684058112.000000 0.841771126 -0.914147735 0.226579458 0.053524133 0.086911365 0.055906598 0.993204951
1403715984834057984.000000 0.746053219 -0.906853259 0.187890396 0.046014123 0.018728532 0.042780094 0.997848570
1403715984984058112.000000 0.661998451 -0.901385009 0.131344110 0.047937177 -0.049052529 0.025980890 0.997306824
1403715985134057984.000000 0.585898638 -0.875141144 0.070472956 0.055335701 -0.092154860 -0.001874103 0.994204164
1403715986234058240.000000 0.132954940 -0.630180478 -0.398165882 -0.007255635 -0.035358828 0.052305982 0.997978568
1403715986584058368.000000 0.062363602 -0.490151227 -0.439696342 0.002775041 -0.025248850 0.018629948 0.999503732
1403715987334057984.000000 -0.044125658 -0.283453673 -0.381560683 0.047104966 0.003650178 0.070552438 0.996388555
1403715988184058112.000000 -0.043207511 -0.122070223 -0.345797390 0.003950306 0.027865242 0.024655899 0.999299765
1403715988484058112.000000 -0.042750470 -0.100404657 -0.324717820 0.034245744 0.022214383 0.027580470 0.998785794
1403715989034057984.000000 -0.022792844 -0.067449786 -0.329080582 0.007906665 0.021432566 0.041404609 0.998881280
1403715989334057984.000000 0.010212991 -0.063632227 -0.331772655 0.006892172 0.027899988 0.036377054 0.998924851
1403715989634057984.000000 0.046713669 -0.064313166 -0.321178377 0.013073873 0.030746471 0.034588154 0.998843074
1403715989984058112.000000 0.084594466 -0.057178810 -0.303040087 0.030919466 0.033461712 0.022545666 0.998707175
1403715990334057984.000000 0.103993520 -0.031590223 -0.291301012 0.024583597 0.030966923 0.016577404 0.999080539
1403715990584058368.000000 0.102826007 0.004572224 -0.278083444 0.018315772 0.030016987 0.012897437 0.999298334
1403715990784058112.000000 0.091991618 0.042022973 -0.260548860 0.007568231 0.029041046 0.010370500 0.999495804
1403715990934058240.000000 0.083001569 0.058981296 -0.246138945 -0.000763374 0.027683657 0.008912176 0.999576747
1403715991084058368.000000 0.015499600 0.085715555 -0.222276628 0.009780444 0.035149507 0.012146354 0.999260426
1403715991234058240.000000 0.023736387 0.098339498 -0.215957642 0.020605292 0.032451384 0.003576090 0.999254525
1403715991684058112.000000 0.025136231 0.100536205 -0.213612795 0.024688605 0.028215567 0.016051535 0.999167979
1403715992034057984.000000 0.024469756 0.100416370 -0.212277234 0.025148019 0.028182384 0.016881533 0.999143839
1403715993534057984.000000 0.025008593 0.100915864 -0.213309169 0.025374444 0.028189393 0.016794803 0.999139369
1403715993934058240.000000 0.026266241 0.101416215 -0.214873388 0.025402151 0.027812272 0.016828200 0.999148667
