1403636584713555456.000000 -2.353283882 6.377577782 -2.107837200 -0.574468970 -0.583255231 -0.405865014 0.406291008
1403636584813555456.000000 -2.353278637 6.379348755 -2.046389103 -0.569998860 -0.572646379 -0.419243842 0.414019465
1403636585313555456.000000 -2.351924658 6.379327297 -2.087423325 -0.580199063 -0.564646184 -0.424923062 0.404949576
1403636588163555584.000000 -2.032016993 6.357514858 -2.281168699 -0.679639995 -0.612861454 -0.282718927 0.287333369
1403636588263555584.000000 -2.015642166 6.359284878 -2.285564661 -0.679101825 -0.613089919 -0.282178611 0.288646311
1403636588663555584.000000 -2.036365271 6.351871014 -2.283673048 -0.677386403 -0.611165345 -0.284580410 0.294344455
1403636588763555584.000000 -2.061725616 6.345566273 -2.281939745 -0.675742269 -0.614054918 -0.281111717 0.295440733
1403636590013555456.000000 -2.591053486 6.264461040 -2.274547577 -0.634771168 -0.655005276 -0.251094818 0.324014097
1403636590113555456.000000 -2.613582134 6.261271954 -2.274792194 -0.629830003 -0.655936241 -0.251637220 0.331271291
1403636590263555584.000000 -2.624922991 6.258220673 -2.272236586 -0.625436366 -0.656260133 -0.253601819 0.337399006
1403636590613555456.000000 -2.546249628 6.254722595 -2.261937141 -0.630967617 -0.650869310 -0.268409163 0.325892001
1403636590813555456.000000 -2.462898493 6.260060787 -2.260431528 -0.638794184 -0.645646691 -0.270609528 0.319144011
1403636591163555584.000000 -2.301327467 6.282690525 -2.268447876 -0.646002114 -0.641841948 -0.265826941 0.316316694
1403636591263555584.000000 -2.260949612 6.289947987 -2.271226168 -0.648404360 -0.640667021 -0.264691353 0.314731687
1403636591663555584.000000 -2.170633078 6.317016125 -2.298827410 -0.660090506 -0.619213939 -0.290804416 0.310302377
1403636591763555584.000000 -2.162842751 6.324353695 -2.302035809 -0.657237053 -0.608948946 -0.311283857 0.316738069
1403636592163555584.000000 -2.128103971 6.369881153 -2.304387093 -0.680299878 -0.576527655 -0.331524014 0.308058202
1403636592913555456.000000 -2.244660854 6.571248055 -2.310880661 -0.625145137 -0.637169659 -0.281690449 0.351935893
1403636593713555456.000000 -2.507663727 6.284311295 -2.322470665 -0.599491596 -0.678493679 -0.213580355 0.366932780
1403636593813555456.000000 -2.474275351 6.244130611 -2.328259706 -0.622378528 -0.661659122 -0.223152786 0.353631258
1403636593913555456.000000 -2.429269791 6.211496353 -2.330652475 -0.646356285 -0.636452675 -0.243065149 0.343614638
1403636594063555584.000000 -2.348672152 6.181303978 -2.328909397 -0.677775979 -0.596131027 -0.280246377 0.326664329
1403636594313555456.000000 -2.206360817 6.206228733 -2.330300331 -0.714820147 -0.553547621 -0.312000275 0.292015523
1403636595013555456.000000 -2.198222160 6.493074417 -2.343906164 -0.655506194 -0.593399763 -0.321917325 0.338463694
1403636596163555584.000000 -2.210639715 6.216057777 -2.377860308 -0.659707725 -0.614806652 -0.301117301 0.310043365
1403636596263555584.000000 -2.214491129 6.181056499 -2.373576403 -0.667038023 -0.606240749 -0.303528816 0.308873415
1403636596413555456.000000 -2.258310795 6.122792244 -2.356186390 -0.668049514 -0.600764275 -0.308477134 0.312464505
1403636596563555584.000000 -2.312994719 6.066288948 -2.338040352 -0.659348249 -0.604869425 -0.314931959 0.316560715
1403636596663555584.000000 -2.342737913 6.040598869 -2.331057549 -0.658096015 -0.607009530 -0.314913571 0.315085083
1403636596863555584.000000 -2.365023136 6.043012142 -2.330704212 -0.650874257 -0.611842096 -0.319804758 0.315811545
1403636597013555456.000000 -2.352812052 6.101223946 -2.335808992 -0.648548007 -0.613873065 -0.324316591 0.312032193
1403636597113555456.000000 -2.338743210 6.158860207 -2.340958357 -0.650599718 -0.619069099 -0.316073984 0.305893391
1403636597213555456.000000 -2.324013948 6.225049019 -2.342568874 -0.646359503 -0.628624618 -0.306063801 0.305574149
1403636598213555456.000000 -2.397031069 6.323447704 -2.354452610 -0.558791339 -0.701172948 -0.259497255 0.358845443
1403636598363555584.000000 -2.383837938 6.283370495 -2.374635935 -0.566778064 -0.707281351 -0.255026549 0.336863756
1403636598463555584.000000 -2.372177601 6.281188488 -2.389823198 -0.569055915 -0.706762612 -0.259221017 0.330857128
1403636598613555456.000000 -2.356952667 6.313753605 -2.410263062 -0.562165558 -0.703670740 -0.265639573 0.343879312
1403636598713555456.000000 -2.349406719 6.348525524 -2.424280882 -0.552176654 -0.701200604 -0.269554883 0.361605912
1403636598813555456.000000 -2.343708277 6.383632183 -2.442978621 -0.540319204 -0.696647108 -0.274338901 0.384026140
1403636598913555456.000000 -2.338109732 6.415105343 -2.465666771 -0.532520294 -0.688371301 -0.283013254 0.403076410
1403636599113555456.000000 -2.330448151 6.460074902 -2.508016825 -0.519305885 -0.675350428 -0.297822177 0.430726290
1403636600013555456.000000 -2.320821762 6.512103081 -2.565675974 -0.504352868 -0.621502578 -0.351002604 0.485962987
1403636602813555456.000000 -2.319041014 6.511275768 -2.566970825 -0.505556345 -0.617191970 -0.348467827 0.491993070
1403636605313555456.000000 -2.318990469 6.511281013 -2.566998482 -0.505599320 -0.617139816 -0.348427147 0.492042989
1403636607913555456.000000 -2.319038153 6.511358738 -2.567020655 -0.505730271 -0.617076695 -0.348426431 0.491988093
1403636610563555584.000000 -2.319059610 6.511243820 -2.566985369 -0.505855024 -0.617024601 -0.348332316 0.491991967
1403636613063555584.000000 -2.318518639 6.511434078 -2.567264318 -0.505429029 -0.616991580 -0.348618984 0.492267907
1403636615713555456.000000 -2.318418026 6.511529446 -2.567295074 -0.505388200 -0.616982639 -0.348697156 0.492265731
1403636618213555456.000000 -2.318406820 6.511510372 -2.567312479 -0.505497277 -0.616907239 -0.348548412 0.492353529
1403636620713555456.000000 -2.318376780 6.511307716 -2.567349672 -0.505491257 -0.616695583 -0.348714292 0.492507488
1403636623413555456.000000 -2.318037987 6.511487007 -2.567182541 -0.505819976 -0.616196871 -0.348855406 0.492694080
1403636624963555584.000000 -2.248836994 6.470579624 -2.556487322 -0.509203255 -0.647156417 -0.360492051 0.438116610
1403636625113555456.000000 -2.229822874 6.451572895 -2.526095629 -0.511102319 -0.658467412 -0.355737060 0.422665536
1403636625263555584.000000 -2.222080231 6.439896107 -2.482922316 -0.515231669 -0.653031051 -0.348954976 0.431644768
1403636625413555456.000000 -2.220367193 6.436556339 -2.463532209 -0.514598429 -0.650022209 -0.347418487 0.438132346
1403636625563555584.000000 -2.221349955 6.440289974 -2.474994421 -0.515652776 -0.653462350 -0.343537509 0.434823096
1403636627713555456.000000 -2.144784689 6.504480362 -2.170367718 -0.515634179 -0.638922989 -0.350005180 0.450993508
1403636627863555584.000000 -2.122184038 6.495750904 -2.186716795 -0.532667518 -0.637590826 -0.350883394 0.432000160
1403636628013555456.000000 -2.101979494 6.497396946 -2.196289778 -0.543489516 -0.634861112 -0.354760081 0.419184864
1403636629813555456.000000 -1.686862469 6.769990444 -2.105229139 -0.625590265 -0.548002064 -0.406158656 0.378636569
1403636629963555584.000000 -1.624711514 6.814133167 -2.138720989 -0.643672347 -0.531019807 -0.416730851 0.360609621
1403636630563555584.000000 -1.373685837 7.034126759 -2.117069244 -0.647602856 -0.505392075 -0.448134661 0.352653950
1403636630713555456.000000 -1.313224196 7.091520786 -2.091042995 -0.644147336 -0.512014985 -0.448093951 0.349466354
1403636631063555584.000000 -1.185703635 7.237683773 -2.078823090 -0.643689454 -0.512146354 -0.440537333 0.359578818
1403636633913555456.000000 -0.571960628 8.595613480 -2.329766989 -0.588636100 -0.583702028 -0.382754415 0.407797068
1403636634063555584.000000 -0.544123709 8.699171066 -2.333160639 -0.593656838 -0.575269639 -0.381299973 0.413819641
1403636634813555456.000000 -0.347553134 9.263407707 -2.318989754 -0.561306000 -0.594185531 -0.396659136 0.417780638
1403636634963555584.000000 -0.314914107 9.369511604 -2.316155434 -0.557709515 -0.602581441 -0.388681591 0.418069959
1403636635113555456.000000 -0.286490500 9.475092888 -2.304681063 -0.553459287 -0.609321356 -0.384970635 0.417382151
1403636635413555456.000000 -0.237928659 9.686276436 -2.314097881 -0.556983531 -0.612117231 -0.370940626 0.421289653
1403636635563555584.000000 -0.214914054 9.798751831 -2.308571815 -0.559453130 -0.610037625 -0.367471516 0.424064785
1403636635713555456.000000 -0.188303769 9.910327911 -2.291643620 -0.560138285 -0.606950939 -0.368309230 0.426853597
1403636635863555584.000000 -0.158300698 10.029914856 -2.257976055 -0.561622322 -0.597670794 -0.368491620 0.437703133
1403636636163555584.000000 -0.072554372 10.273293495 -2.176464558 -0.563921273 -0.607627451 -0.368075013 0.421072990
1403636636313555456.000000 -0.023595758 10.400270462 -2.125383615 -0.553142190 -0.604877472 -0.383538574 0.425505757
1403636636613555456.000000 0.069998868 10.635726929 -2.033761263 -0.535753906 -0.599231839 -0.407303452 0.433581591
1403636636763555584.000000 0.109616466 10.732794762 -2.014806271 -0.530516922 -0.604856253 -0.414460242 0.425351024
1403636637063555584.000000 0.149678424 10.887822151 -2.031585932 -0.538728237 -0.606445611 -0.398917943 0.427621424
1403636637513555456.000000 0.162579611 11.085714340 -2.067709446 -0.548786163 -0.614420533 -0.377895594 0.422511548
1403636637663555584.000000 0.161673650 11.147483826 -2.051534176 -0.549975753 -0.615321577 -0.374209732 0.422933996
1403636637963555584.000000 0.155643702 11.292709351 -1.974022269 -0.544196784 -0.612679064 -0.379368275 0.429597408
1403636638413555456.000000 0.143552870 11.503995895 -1.998263836 -0.552158892 -0.612862885 -0.365209818 0.431441128
1403636638563555584.000000 0.144448221 11.574575424 -2.031741619 -0.565475404 -0.618278623 -0.345198452 0.422855943
1403636638713555456.000000 0.153495789 11.656049728 -2.043727636 -0.559324026 -0.622282922 -0.353479654 0.418297559
1403636639013555456.000000 0.180044204 11.848378181 -2.011244535 -0.552908301 -0.612044513 -0.361208022 0.434997380
1403636639313555456.000000 0.227823645 12.062180519 -2.015619278 -0.559507132 -0.605913937 -0.351263672 0.443208724
1403636639463555584.000000 0.268167138 12.175925255 -2.051232576 -0.551392257 -0.614257991 -0.363092691 0.432223856
1403636639913555456.000000 0.383407354 12.511042595 -2.159711599 -0.537715256 -0.610710680 -0.380160004 0.439742237
1403636640813555456.000000 0.561024666 13.027802467 -2.172343016 -0.511806428 -0.635018110 -0.364017874 0.449774563
1403636641463555584.000000 0.644497693 13.298537254 -2.214380741 -0.519135356 -0.628394723 -0.357504487 0.455860913
1403636641913555456.000000 0.709984422 13.431306839 -2.231822491 -0.515837193 -0.629819393 -0.366541982 0.450429291
1403636643213555456.000000 0.880340636 13.669281960 -2.231402397 -0.559160948 -0.597330928 -0.384208858 0.427689612
1403636643513555456.000000 0.924779296 13.722354889 -2.236146688 -0.562747240 -0.602794230 -0.376398861 0.422230601
1403636644113555456.000000 1.027667046 13.931695938 -2.160786390 -0.567507684 -0.618989766 -0.363300532 0.403484225
1403636644813555456.000000 1.197509527 14.337766647 -2.293749332 -0.552112520 -0.593625844 -0.388364881 0.438124299
1403636644963555584.000000 1.255162477 14.417378426 -2.360051394 -0.552700937 -0.599276423 -0.390375674 0.427780688
1403636645713555456.000000 1.513861775 14.905200958 -2.498203993 -0.567345083 -0.609527826 -0.375146449 0.407259971
1403636645863555584.000000 1.557832003 15.042254448 -2.509869576 -0.568201065 -0.608427703 -0.373863101 0.408888280
1403636646063555584.000000 1.616436243 15.233224869 -2.483625650 -0.573096216 -0.594576359 -0.379453510 0.417198747
1403636646213555456.000000 1.666786075 15.378789902 -2.454143286 -0.589278698 -0.570689797 -0.391456097 0.416924506
1403636647313555456.000000 2.158874989 16.175294876 -2.284024715 -0.648152173 -0.496398717 -0.450312644 0.361532331
1403636647463555584.000000 2.223091602 16.252531052 -2.277152538 -0.645654559 -0.494487405 -0.450672954 0.368111849
1403636647613555456.000000 2.288123131 16.321552277 -2.275181293 -0.641030908 -0.488417983 -0.453247458 0.380912274
1403636647763555584.000000 2.358775854 16.382440567 -2.264908791 -0.642776370 -0.488615096 -0.453995079 0.376805365
1403636647913555456.000000 2.434049129 16.434663773 -2.252964973 -0.647315919 -0.485921532 -0.457503587 0.368175060
1403636648363555584.000000 2.673194647 16.527114868 -2.312921286 -0.695398211 -0.416452527 -0.492049098 0.317610502
1403636649313555456.000000 3.151501179 16.551551819 -2.316814661 -0.732601404 -0.350999117 -0.523341894 0.257309556
1403636649813555456.000000 3.374194145 16.557744980 -2.103651047 -0.731313586 -0.343862087 -0.527173042 0.262731671
1403636650113555456.000000 3.486569405 16.529586792 -2.034792423 -0.735237956 -0.329509795 -0.536551595 0.250920147
1403636650963555584.000000 3.693330288 16.298755646 -2.102941990 -0.782536149 -0.217569202 -0.559986413 0.163450643
1403636651363555584.000000 3.739746809 16.179765701 -2.049949884 -0.783737481 -0.221850514 -0.556446612 0.164027587
1403636651863555584.000000 3.759441137 16.019832611 -2.023945093 -0.777307868 -0.212241307 -0.563799024 0.181319594
1403636652263555584.000000 3.749341011 15.813633919 -2.085829973 -0.802630842 -0.131616965 -0.571055889 0.111157455
1403636652563555584.000000 3.717117548 15.630021095 -2.164014339 -0.827090859 -0.061614670 -0.555851698 0.056154855
1403636653163555584.000000 3.779108286 15.308597565 -2.156382561 -0.824257791 -0.048976731 -0.562912703 0.036465939
1403636653613555456.000000 3.881239653 15.109849930 -2.146551609 -0.810507715 -0.065388389 -0.580150425 0.047193211
1403636653913555456.000000 3.918990850 14.991220474 -2.121277809 -0.803698003 -0.070068441 -0.588765383 0.050152611
1403636654063555584.000000 3.923371077 14.934424400 -2.133387804 -0.806861103 -0.066832468 -0.584342718 0.055246823
1403636655413555456.000000 3.774968863 14.428476334 -2.128608227 0.801873088 -0.048669461 0.595122993 0.021437388
1403636655563555584.000000 3.730493307 14.377495766 -2.135105848 0.803266823 -0.063744053 0.591399074 0.030762427
1403636655863555584.000000 3.612354279 14.270196915 -2.177010298 0.815642655 -0.106990293 0.566414773 0.049543425
1403636656163555584.000000 3.496889114 14.142835617 -2.252365828 0.810159266 -0.148564145 0.561632752 0.078354262
1403636656313555456.000000 3.439619303 14.072806358 -2.257302523 0.811484158 -0.154625952 0.556564569 0.088432238
1403636656613555456.000000 3.349049330 13.921146393 -2.212678432 0.811375916 -0.153378904 0.556347966 0.092849478
1403636656913555456.000000 3.273689747 13.761712074 -2.187213421 0.794398963 -0.141775712 0.582747221 0.096102908
1403636657213555456.000000 3.169825315 13.615258217 -2.219520092 0.791038394 -0.142580122 0.588951766 0.084053911
1403636657363555584.000000 3.101392269 13.544585228 -2.230135441 0.796256185 -0.145081639 0.581865489 0.079748824
1403636657513555456.000000 3.026751518 13.471438408 -2.239548683 0.804687321 -0.150241017 0.569672644 0.073342510
1403636658013555456.000000 2.778581858 13.177295685 -2.319716692 0.808910906 -0.167111218 0.559588969 0.067801900
1403636658263555584.000000 2.658297062 12.987893105 -2.324640274 0.811258912 -0.157436341 0.555786610 0.090409733
1403636658363555584.000000 2.613342524 12.909008980 -2.329685450 0.812050343 -0.155535698 0.554278612 0.095697783
1403636658563555584.000000 2.532587051 12.752709389 -2.350470781 0.814012527 -0.149348333 0.550915062 0.107570373
1403636658663555584.000000 2.497324467 12.677298546 -2.364222527 0.814148128 -0.146413282 0.550531447 0.112432294
1403636658763555584.000000 2.465751886 12.605477333 -2.380537033 0.812613487 -0.143698707 0.552606523 0.116773859
1403636658913555456.000000 2.425196886 12.506095886 -2.409257889 0.806893349 -0.140945777 0.560611010 0.121543206
1403636659263555584.000000 2.341234684 12.315875053 -2.504216909 0.796018958 -0.148143619 0.576253057 0.111084752
1403636659413555456.000000 2.299176216 12.250039101 -2.540858507 0.802247584 -0.148582593 0.567600965 0.110232972
1403636659513555456.000000 2.272116184 12.209287643 -2.556578875 0.806143641 -0.148057833 0.561978936 0.111315086
1403636659613555456.000000 2.246065378 12.170887947 -2.568560839 0.805580378 -0.148820549 0.562566221 0.111409038
1403636659913555456.000000 2.172779799 12.073520660 -2.632539749 0.802456200 -0.151623368 0.565584183 0.114843376
1403636660113555456.000000 2.125663042 12.025215149 -2.701524496 0.811649799 -0.155417025 0.551189661 0.115153223
1403636660213555456.000000 2.105991125 12.004243851 -2.740372896 0.813954055 -0.156327054 0.547599375 0.114784621
1403636660613555456.000000 2.086372137 11.932118416 -2.860358715 0.821502268 -0.155917436 0.535989761 0.116356701
1403636661013555456.000000 2.154537439 11.897759438 -3.003813028 0.800588667 -0.141206950 0.566924155 0.133099660
1403636661113555456.000000 2.174194336 11.904336929 -3.051011801 0.798542023 -0.145187244 0.570116699 0.127350941
1403636661263555584.000000 2.201738596 11.924024582 -3.121282339 0.796748698 -0.149736643 0.572779119 0.121221185
1403636661463555584.000000 2.228652239 11.964421272 -3.190008640 0.795740128 -0.150975287 0.574322343 0.118987828
1403636661563555584.000000 2.238882303 11.989582062 -3.213070869 0.796996653 -0.152335078 0.572787702 0.116209537
1403636661963555584.000000 2.257066965 12.104972839 -3.229594946 0.792592406 -0.160686195 0.579799831 0.099042520
1403636662413555456.000000 2.208756685 12.232883453 -3.185199976 0.800920367 -0.149224356 0.567623734 0.118583150
1403636662663555584.000000 2.171664476 12.320094109 -3.204923153 0.808483183 -0.162857115 0.555844843 0.104254797
1403636662813555456.000000 2.155407190 12.370710373 -3.226702929 0.803436577 -0.174693540 0.562036335 0.089928471
1403636663113555456.000000 2.126682758 12.439616203 -3.288808823 0.811437726 -0.184916556 0.548824966 0.078522861
1403636663663555584.000000 2.148916245 12.443821907 -3.403696060 0.830602646 -0.156547680 0.520658135 0.120446093
1403636663813555456.000000 2.196134090 12.442029953 -3.446007729 0.829374194 -0.144799933 0.522823632 0.133517861
1403636664113555456.000000 2.356640577 12.477961540 -3.481436253 0.814138889 -0.126690805 0.547499180 0.146191821
1403636664563555584.000000 2.656783104 12.659831047 -3.550925016 0.799982429 -0.130469650 0.574555278 0.113543101
1403636664713555456.000000 2.748023987 12.740677834 -3.592470884 0.798993528 -0.133206710 0.578115821 0.098221749
1403636664863555584.000000 2.831443310 12.825437546 -3.616697550 0.803209424 -0.125122398 0.573752642 0.100035444
1403636665013555456.000000 2.911796093 12.914672852 -3.625891685 0.807813883 -0.124314949 0.568490446 0.093814649
1403636665313555456.000000 3.064125061 13.099332809 -3.600994349 0.810303926 -0.130538389 0.566023409 0.077361546
1403636665463555584.000000 3.143128157 13.185233116 -3.580217600 0.809591651 -0.126855314 0.567137003 0.082612664
1403636665613555456.000000 3.215922832 13.268937111 -3.558956623 0.812902927 -0.118418969 0.561816335 0.097613089
1403636666213555456.000000 3.501775742 13.642036438 -3.483405828 0.800119042 -0.135370702 0.577815831 0.087254152
1403636666513555456.000000 3.610088348 13.817103386 -3.498711109 0.799950004 -0.139423892 0.578592837 0.076625504
1403636666663555584.000000 3.647661924 13.897049904 -3.490744352 0.806894004 -0.132501185 0.569712937 0.082418017
1403636667713555456.000000 3.947568417 14.335546494 -3.508498192 0.817877233 -0.127353802 0.556190133 0.074232273
1403636668013555456.000000 4.043886185 14.440187454 -3.500587463 0.815957189 -0.131789193 0.558302581 0.071719833
1403636668413555456.000000 4.192327976 14.554405212 -3.557298899 0.816792488 -0.129248947 0.554601431 0.092531927
1403636668863555584.000000 4.397192955 14.695289612 -3.657570601 0.810466647 -0.121811286 0.560777068 0.117622234
1403636669163555584.000000 4.543164730 14.839122772 -3.675160170 0.800691903 -0.131002784 0.574705243 0.106979981
1403636669363555584.000000 4.626434803 14.955207825 -3.689013243 0.799634039 -0.133365288 0.575814903 0.106001966
1403636669713555456.000000 4.743041039 15.183477402 -3.745016575 0.784008503 -0.129343599 0.597452879 0.107940070
1403636670063555584.000000 4.780592442 15.433805466 -3.751300573 0.788325250 -0.163039848 0.591019213 0.051553130
1403636670213555456.000000 4.764616013 15.517694473 -3.731971979 0.785303891 -0.166900352 0.595263839 0.033213574
1403636670363555584.000000 4.730322838 15.577777863 -3.716706038 0.778986156 -0.168705538 0.603802204 0.011915849
1403636670563555584.000000 4.648624897 15.609724998 -3.704627514 0.784498870 -0.153451532 0.600621879 -0.016359121
1403636672863555584.000000 3.283854246 13.306535721 -3.132426500 -0.813381612 -0.141307041 -0.558402240 0.081423275
1403636673313555456.000000 3.289277792 13.210409164 -3.179391861 -0.822337747 -0.200149491 -0.522479415 0.103518970
1403636673513555456.000000 3.322337627 13.217076302 -3.168194532 -0.821855843 -0.209939733 -0.518314183 0.108759232
1403636675563555584.000000 3.987498045 14.166982651 -3.441548586 -0.779282689 -0.269598156 -0.544388235 0.153872982
1403636676163555584.000000 4.260751247 14.646478653 -3.550128937 -0.749817252 -0.329660118 -0.518684030 0.245082155
1403636676613555456.000000 4.411042690 14.998579979 -3.660733938 -0.705278873 -0.430047721 -0.493543655 0.272131175
1403636678413555456.000000 4.595714092 16.277196884 -3.725996733 -0.580785990 -0.575879931 -0.402936369 0.410721570
1403636678913555456.000000 4.634109974 16.480335236 -3.664041519 -0.491541326 -0.655515730 -0.379428864 0.429790735
1403636679563555584.000000 4.517459869 16.646903992 -3.687435150 -0.399825245 -0.704946339 -0.283485472 0.512666047
1403636679963555584.000000 4.469172001 16.683044434 -3.588287592 -0.363953739 -0.719610393 -0.277271628 0.522320747
1403636680363555584.000000 4.423202038 16.639997482 -3.442470789 -0.346737385 -0.725692391 -0.309197068 0.507484913
1403636680563555584.000000 4.376114368 16.569263458 -3.405674696 -0.350044668 -0.731534064 -0.313750058 0.493849903
1403636680963555584.000000 4.205720425 16.349315643 -3.390762329 -0.393144757 -0.721940398 -0.265017837 0.503988981
1403636681563555584.000000 3.904814243 16.054151535 -3.419191360 -0.381065190 -0.718139291 -0.277226865 0.512065113
1403636681763555584.000000 3.800815105 15.957443237 -3.416105509 -0.375346959 -0.720640004 -0.280564547 0.510956168
1403636682213555456.000000 3.562683821 15.707343102 -3.383185625 -0.375268817 -0.720917940 -0.270647496 0.515946448
1403636682613555456.000000 3.357389688 15.476851463 -3.362283707 -0.378518671 -0.722452462 -0.271953464 0.510712624
1403636684263555584.000000 2.560801029 14.384812355 -3.364391088 -0.374245107 -0.723153949 -0.261102349 0.518473268
1403636684463555584.000000 2.477346897 14.253684998 -3.331203938 -0.370774299 -0.721012175 -0.261524856 0.523710430
1403636685313555456.000000 2.242448092 13.667723656 -3.360170603 -0.368194789 -0.728450179 -0.272210330 0.509602308
1403636685913555456.000000 2.085234404 13.220487595 -3.376345158 -0.372220784 -0.724109590 -0.277400404 0.510064781
1403636688713555456.000000 1.453821063 11.619052887 -3.674889326 -0.363957077 -0.730195820 -0.274063110 0.509154916
1403636689113555456.000000 1.356965303 11.401486397 -3.762264490 -0.358145297 -0.738962173 -0.249153808 0.513409495
1403636689313555456.000000 1.295187712 11.300160408 -3.762048721 -0.354222059 -0.744437397 -0.236674100 0.514125526
1403636689463555584.000000 1.245872736 11.234442711 -3.739766836 -0.350431293 -0.745803714 -0.233563140 0.516161859
1403636689663555584.000000 1.181555986 11.153730392 -3.687516928 -0.353058249 -0.749348462 -0.224902228 0.513074815
1403636689813555456.000000 1.132658362 11.104382515 -3.653673172 -0.363456994 -0.750382900 -0.211183175 0.510123849
1403636690013555456.000000 1.067071199 11.067274094 -3.620501280 -0.371508151 -0.741815507 -0.204661578 0.519427776
1403636690213555456.000000 1.010337949 11.063286781 -3.600640297 -0.364977032 -0.747595370 -0.218771845 0.509933174
1403636690413555456.000000 0.952194273 11.087153435 -3.564395905 -0.361576766 -0.748533130 -0.226278976 0.507699072
1403636690613555456.000000 0.889277637 11.130483627 -3.529980421 -0.368503332 -0.741454899 -0.216997162 0.517070770
1403636690963555584.000000 0.808073282 11.258856773 -3.555243015 -0.382414877 -0.709617317 -0.195473835 0.558562636
1403636691113555456.000000 0.813071609 11.336578369 -3.571403503 -0.375145793 -0.696107566 -0.202833533 0.577545285
1403636691313555456.000000 0.880625367 11.439903259 -3.562816620 -0.349207491 -0.700189471 -0.237052277 0.575842977
1403636691513555456.000000 0.995242596 11.521155357 -3.531569004 -0.345341861 -0.721813977 -0.235854074 0.551449418
1403636691663555584.000000 1.093137264 11.574872017 -3.484639883 -0.342589796 -0.732539654 -0.234598592 0.539426923
1403636691863555584.000000 1.228649378 11.641283989 -3.424116373 -0.336694002 -0.740336657 -0.239834338 0.530111551
1403636692013555456.000000 1.328528643 11.685386658 -3.393082619 -0.338265866 -0.733317316 -0.237331644 0.539903462
1403636692213555456.000000 1.463746309 11.738859177 -3.351223469 -0.335643291 -0.736345410 -0.243186250 0.534789324
1403636693013555456.000000 1.961248159 11.852393150 -2.996812105 -0.332012504 -0.754946053 -0.260522932 0.501948357
1403636693263555584.000000 2.052239656 11.858991623 -2.917374611 -0.339836270 -0.751073301 -0.246957690 0.509325266
1403636693463555584.000000 2.104360342 11.861630440 -2.880812168 -0.349470228 -0.756573617 -0.229809150 0.502647698
1403636693663555584.000000 2.140042782 11.878801346 -2.857546806 -0.356189907 -0.765484631 -0.218307093 0.489391655
1403636694963555584.000000 2.145156145 12.219104767 -2.817214489 -0.351743370 -0.736689746 -0.224957630 0.531938851
1403636695263555584.000000 2.157770634 12.300251961 -2.840511322 -0.349646568 -0.738919795 -0.235661402 0.525555491
1403636695713555456.000000 2.188090563 12.416582108 -2.804136038 -0.344597131 -0.738292575 -0.252689809 0.521847427
1403636696463555584.000000 2.191786766 12.543475151 -2.890719175 -0.349581718 -0.728454113 -0.255685031 0.530822396
1403636696813555456.000000 2.187512875 12.560798645 -2.903227806 -0.353903443 -0.729125798 -0.252573133 0.528521299
1403636698263555584.000000 1.955063224 12.207273483 -2.797779799 -0.432373971 -0.695429981 -0.305771142 0.485730410
1403636699063555584.000000 1.666182160 11.948962212 -2.945834398 -0.566179872 -0.595802605 -0.385967016 0.418914288
1403636700013555456.000000 1.466104031 11.771891594 -2.983036995 -0.693324447 -0.439306289 -0.465475291 0.331125438
1403636700313555456.000000 1.473322392 11.729783058 -3.045902252 -0.698091209 -0.432054400 -0.467002630 0.328491092
1403636700913555456.000000 1.579229593 11.616754532 -3.263533592 -0.715932906 -0.394065827 -0.496278405 0.293018878
1403636702413555456.000000 1.994730473 11.449554443 -3.369497538 -0.755110145 -0.327693850 -0.516765773 0.235326678
1403636702713555456.000000 2.087634325 11.434552193 -3.481047392 -0.763716400 -0.322222888 -0.516352057 0.215151802
1403636703913555456.000000 2.534602404 11.561177254 -3.698101997 -0.753889441 -0.317454427 -0.524697125 0.235725373
1403636704213555456.000000 2.649392843 11.582522392 -3.736748934 -0.755958140 -0.321285307 -0.518178046 0.238316178
1403636704813555456.000000 2.904387236 11.653638840 -3.778360367 -0.766539991 -0.339847833 -0.499206156 0.218433410
1403636705113555456.000000 3.059411526 11.754441261 -3.830810547 -0.767923176 -0.345899522 -0.494134128 0.215590224
1403636705413555456.000000 3.234172583 11.912571907 -3.868111849 -0.750541508 -0.341736704 -0.518661559 0.225596279
1403636705713555456.000000 3.400759220 12.099959373 -3.904197931 -0.757000625 -0.342286557 -0.510278225 0.222275168
1403636706013555456.000000 3.571848631 12.314176559 -3.947340250 -0.751195848 -0.325840920 -0.517769992 0.247884616
1403636706313555456.000000 3.750318766 12.508144379 -3.963829279 -0.744663417 -0.332895190 -0.524098039 0.244905248
1403636706613555456.000000 3.921427965 12.682754517 -4.015265465 -0.745608091 -0.346736491 -0.521242261 0.228361353
1403636706913555456.000000 4.079670906 12.876935005 -4.018170357 -0.753517330 -0.346074849 -0.512595952 0.222910598
1403636707413555456.000000 4.330166340 13.257364273 -3.961440802 -0.755122602 -0.335517377 -0.520327806 0.215585411
1403636707963555584.000000 4.585724831 13.742292404 -3.862621784 -0.760645390 -0.324483424 -0.511597693 0.233231470
1403636708263555584.000000 4.734224796 14.009933472 -3.917006969 -0.751903296 -0.329771966 -0.518857598 0.238072619
1403636708813555456.000000 5.047072411 14.435924530 -4.010546684 -0.741335392 -0.330053836 -0.534742892 0.235661730
1403636709313555456.000000 5.273070335 14.748865128 -4.045082092 -0.744492352 -0.325530261 -0.540844023 0.217368141
1403636710813555456.000000 5.321619034 15.774785995 -4.245275974 -0.725521624 -0.366859913 -0.509305477 0.282205939
1403636711063555584.000000 5.303241253 15.917754173 -4.286181927 -0.701371372 -0.412914544 -0.505829036 0.285861433
1403636711563555584.000000 5.208761692 16.167640686 -4.287985802 -0.679214060 -0.416026831 -0.520116925 0.308331728
1403636711813555456.000000 5.117746353 16.256481171 -4.267821312 -0.680522382 -0.413846940 -0.523652554 0.302337617
1403636712063555584.000000 4.996167183 16.312585831 -4.234980106 -0.700042069 -0.402554214 -0.499907911 0.313022822
1403636712563555584.000000 4.750480652 16.349967957 -4.083292484 -0.667602360 -0.445539087 -0.503047049 0.320539713
1403636713113555456.000000 4.413520813 16.261936188 -3.954359293 -0.658075452 -0.459090948 -0.489728212 0.341084301
1403636713413555456.000000 4.211589336 16.151184082 -3.859507561 -0.664074719 -0.460617155 -0.480564713 0.340432346
1403636713963555584.000000 3.872319698 15.896812439 -3.671902418 -0.679053128 -0.450221062 -0.468274206 0.341916978
1403636715013555456.000000 3.464621067 15.355625153 -3.600355148 -0.638474286 -0.528591096 -0.428979158 0.359052777
1403636715463555584.000000 3.355236053 15.226067543 -3.497285843 -0.610894740 -0.552104890 -0.413247108 0.388863266
1403636716263555584.000000 3.265540123 15.008260727 -3.453726768 -0.609701812 -0.534165621 -0.432143480 0.395199597
1403636716613555456.000000 3.246105671 14.851581573 -3.439272404 -0.614923000 -0.534601986 -0.431940347 0.386649609
1403636717513555456.000000 3.180538416 14.425798416 -3.450418711 -0.528219223 -0.621216714 -0.395926207 0.422275692
1403636717813555456.000000 3.124205351 14.274814606 -3.471968889 -0.527112246 -0.621792376 -0.390780509 0.427571684
1403636718113555456.000000 3.022994041 14.115794182 -3.478953362 -0.500590444 -0.644249558 -0.372612268 0.442167222
1403636718413555456.000000 2.887300014 13.948469162 -3.486756325 -0.478002757 -0.663536727 -0.335838974 0.467380583
1403636719013555456.000000 2.632632971 13.646410942 -3.614071131 -0.438627511 -0.689822614 -0.306593180 0.487597615
1403636719363555584.000000 2.510883808 13.489252090 -3.629842520 -0.432421058 -0.680123746 -0.314775288 0.501358509
1403636720513555456.000000 2.265265942 12.917203903 -3.738277674 -0.455489844 -0.679834008 -0.305172175 0.487057209
1403636721113555456.000000 2.228881359 12.706830025 -3.753977060 -0.482794642 -0.657319188 -0.325906605 0.478148162
1403636721863555584.000000 2.279164791 12.476066589 -3.773168802 -0.528697431 -0.618668258 -0.370918453 0.447379291
1403636722863555584.000000 2.314674854 12.121266365 -3.810318947 -0.532599151 -0.617247403 -0.381014287 0.436087221
1403636723213555456.000000 2.301918268 11.987068176 -3.780897856 -0.536452353 -0.613249004 -0.376441061 0.440949678
1403636724713555456.000000 2.198517561 11.413165092 -3.780330181 -0.622378826 -0.527335703 -0.440254420 0.375150353
1403636725213555456.000000 2.136936188 11.274359703 -3.616709232 -0.630136311 -0.523083389 -0.429031968 0.381108284
1403636727213555456.000000 2.085749388 10.886448860 -3.281169891 -0.605382919 -0.541624963 -0.436208487 0.387138337
1403636727713555456.000000 2.075650454 10.750294685 -3.154530048 -0.604737699 -0.542439401 -0.435684234 0.387596607
1403636728713555456.000000 1.866417646 10.427783966 -2.941215038 -0.605895817 -0.541434109 -0.424030542 0.399921805
1403636729163555584.000000 1.763629913 10.251336098 -2.893603802 -0.566419780 -0.577787042 -0.416319817 0.414739311
1403636729663555584.000000 1.629219413 10.013554573 -2.882242203 -0.564423919 -0.583317995 -0.407050610 0.418898225
1403636730013555456.000000 1.530042171 9.829857826 -2.844267368 -0.571303964 -0.585990191 -0.399527133 0.413044006
1403636730363555584.000000 1.427440405 9.653608322 -2.859323740 -0.572338462 -0.587028146 -0.395758957 0.413765043
1403636730713555456.000000 1.328536510 9.506527901 -2.863355637 -0.579055548 -0.595070481 -0.383913696 0.403975397
1403636731513555456.000000 1.170835495 9.368672371 -2.776630402 -0.574627578 -0.579370975 -0.396001488 0.421088278
1403636732013555456.000000 1.164596438 9.305870056 -2.856967449 -0.573150933 -0.580230951 -0.396322399 0.421614408
1403636732863555584.000000 1.166915655 9.121798515 -2.933981657 -0.551663160 -0.581492424 -0.419902921 0.425694674
1403636735063555584.000000 0.579637527 8.045216560 -2.685030937 -0.563685596 -0.599236310 -0.386524707 0.416860938
1403636737613555456.000000 -0.083528548 7.498618126 -2.458384752 -0.527580500 -0.629836977 -0.358223915 0.443441063
1403636737963555584.000000 -0.177191436 7.437914371 -2.395215034 -0.535724223 -0.625494778 -0.346677721 0.448965967
1403636738963555584.000000 -0.246311545 7.407689095 -2.262832403 -0.595922947 -0.560454428 -0.392572552 0.420301795
1403636740563555584.000000 0.076562300 7.431324005 -2.610796213 -0.684407294 -0.441720665 -0.480624527 0.324760854
1403636741263555584.000000 0.175017387 7.402619362 -2.835812807 -0.681104898 -0.439229876 -0.492756933 0.316802502
1403636741863555584.000000 0.218635872 7.345185280 -3.051450491 -0.700946033 -0.432714492 -0.478333324 0.304351807
1403636742213555456.000000 0.254461765 7.343159199 -3.148346424 -0.698655128 -0.447267950 -0.471381426 0.299386024
1403636742863555584.000000 0.315026671 7.413358688 -3.220257998 -0.683140516 -0.442128241 -0.480858326 0.326522529
1403636743213555456.000000 0.349247038 7.440115452 -3.342161894 -0.708466411 -0.440763652 -0.458870918 0.305352777
1403636743913555456.000000 0.518306434 7.634432793 -3.513684511 -0.702972114 -0.419967234 -0.487326205 0.303267181
1403636745813555456.000000 0.976192176 8.037340164 -4.420840263 -0.703340888 -0.401167572 -0.507459164 0.294722617
1403636746113555456.000000 1.012277126 8.064934731 -4.382085800 -0.707889736 -0.395890653 -0.518119812 0.271504164
1403636746763555584.000000 0.906759143 8.107815742 -4.280695438 -0.733498871 -0.391107172 -0.480433136 0.279640108
1403636747113555456.000000 0.848460197 8.147823334 -4.278578758 -0.725108564 -0.393646568 -0.485947102 0.288297564
1403636747463555584.000000 0.829818308 8.219479561 -4.192148209 -0.713902056 -0.396147579 -0.505503595 0.279064864
1403636747813555456.000000 0.791120648 8.305726051 -4.110531330 -0.721457660 -0.389693558 -0.502331316 0.274410248
1403636748113555456.000000 0.752961218 8.393494606 -3.997574568 -0.731389403 -0.365604162 -0.493553072 0.296324998
1403636748613555456.000000 0.742727697 8.514081001 -3.885547638 -0.723486841 -0.380074143 -0.507174194 0.273650914
1403636749113555456.000000 0.748867452 8.617655754 -3.773624420 -0.733778715 -0.353701681 -0.500220716 0.293671817
1403636749563555584.000000 0.808633089 8.645215988 -3.662654161 -0.725047588 -0.368711740 -0.518411875 0.263831049
1403636749913555456.000000 0.835446239 8.654188156 -3.584397078 -0.714261353 -0.367846996 -0.528640211 0.273968577
1403636750413555456.000000 0.796586990 8.620656013 -3.522866011 -0.715953708 -0.379605174 -0.514183462 0.280937105
1403636750763555584.000000 0.742004216 8.576541901 -3.370464802 -0.713022470 -0.391301900 -0.508649945 0.282413006
1403636751263555584.000000 0.639263868 8.514753342 -3.091485262 -0.721027493 -0.398947388 -0.497267425 0.271450728
1403636751763555584.000000 0.545795977 8.492361069 -2.879184246 -0.724972606 -0.389115930 -0.482570827 0.300214797
1403636752263555584.000000 0.548093736 8.485658646 -2.708374023 -0.708871782 -0.413811088 -0.489218891 0.294832259
1403636752763555584.000000 0.565923929 8.506593704 -2.515835524 -0.661291361 -0.478870809 -0.464502692 0.342948765
1403636753763555584.000000 0.465101659 8.514942169 -2.465486050 -0.552593648 -0.598679304 -0.396659195 0.422947884
1403636754763555584.000000 0.167236358 8.368028641 -2.383767366 -0.530122697 -0.612062216 -0.394956499 0.434003562
1403636755263555584.000000 -0.055827394 8.180788994 -2.387593985 -0.504503489 -0.636970699 -0.370182514 0.450232804
1403636755763555584.000000 -0.308842570 7.968497276 -2.330055714 -0.512243450 -0.642370582 -0.362540364 0.439921826
1403636756263555584.000000 -0.592427492 7.780969143 -2.306522131 -0.509201646 -0.634526670 -0.368104279 0.450098783
1403636756613555456.000000 -0.794875205 7.643682003 -2.283169746 -0.506103158 -0.635127187 -0.368077546 0.452760458
1403636757013555456.000000 -1.022633910 7.454214573 -2.259299517 -0.503498435 -0.635603070 -0.366085261 0.456595808
1403636757363555584.000000 -1.212748051 7.257761002 -2.243115187 -0.503263354 -0.637737989 -0.364293516 0.455309331
1403636757713555456.000000 -1.408582211 7.046272278 -2.247487068 -0.500014603 -0.661426425 -0.345664233 0.439336717
1403636758063555584.000000 -1.633736372 6.884383678 -2.159464598 -0.489186078 -0.664629698 -0.335584760 0.454254508
1403636758363555584.000000 -1.828472137 6.774505615 -2.106091261 -0.483097047 -0.655055225 -0.338929981 0.471854240
1403636758663555584.000000 -2.007311344 6.668942928 -2.118543625 -0.512472808 -0.665602684 -0.296738505 0.454192728
1403636758963555584.000000 -2.151356936 6.630430222 -2.135643244 -0.491214991 -0.653020144 -0.331450284 0.471607208
1403636759263555584.000000 -2.263941288 6.599859238 -2.183174372 -0.505182624 -0.635454535 -0.308724612 0.495658457
1403636759563555584.000000 -2.305802345 6.575021267 -2.261085510 -0.487540871 -0.648697019 -0.332584560 0.480503559
1403636759863555584.000000 -2.312003136 6.539346218 -2.304102182 -0.480359942 -0.654315829 -0.339972973 0.474914283
1403636760163555584.000000 -2.313275814 6.494815350 -2.331864357 -0.491282612 -0.666186213 -0.325653434 0.456932396
1403636760463555584.000000 -2.313788891 6.467058182 -2.369472027 -0.480693102 -0.654078841 -0.341290087 0.473958045
1403636760763555584.000000 -2.311138391 6.428925991 -2.418123722 -0.482179075 -0.667343915 -0.337293684 0.456495881
1403636761063555584.000000 -2.326121330 6.392078876 -2.457618713 -0.480906188 -0.667792201 -0.336887240 0.457482070
1403636761363555584.000000 -2.363123178 6.368261337 -2.493772984 -0.490395844 -0.677432835 -0.321463794 0.444137096
1403636761663555584.000000 -2.416127443 6.378813267 -2.494668245 -0.481476605 -0.658694625 -0.337006807 0.469817132
1403636761963555584.000000 -2.456178665 6.385458946 -2.481561184 -0.489802033 -0.651405215 -0.327643782 0.477927685
1403636762263555584.000000 -2.475805759 6.385666370 -2.456932545 -0.475905329 -0.671211183 -0.350583345 0.447304130
1403636762563555584.000000 -2.531070471 6.390341282 -2.477995157 -0.502297997 -0.657578945 -0.314545095 0.465132326
1403636762813555456.000000 -2.565330267 6.416472912 -2.545697212 -0.494465709 -0.648143709 -0.324850410 0.479463935
1403636763063555584.000000 -2.532925606 6.392037868 -2.560207844 -0.512452781 -0.631448627 -0.339651823 0.472547889
1403636763313555456.000000 -2.522655964 6.379805565 -2.574258804 -0.524985075 -0.612084508 -0.347232163 0.478720218
1403636763563555584.000000 -2.521902084 6.364363194 -2.588827133 -0.525725901 -0.612573683 -0.346212506 0.478019685
1403636763813555456.000000 -2.520170689 6.345298290 -2.603520632 0.526079953 0.612203598 0.345840275 -0.478373379
