1403636579763555584.000000 0.000000000 0.000000000 0.000000000 -0.000000000 -0.000000000 -0.000000000 1.000000000
1403636580063555584.000000 -0.001605100 0.130309850 0.041102115 -0.020625859 0.006027864 -0.000441086 0.999768972
1403636580113555456.000000 -0.002164290 0.155319422 0.048584308 -0.023124645 0.005749767 0.001767424 0.999714494
1403636580263555584.000000 -0.003939443 0.224702105 0.066222198 -0.029753961 0.004726079 0.002532973 0.999542892
1403636580413555456.000000 -0.005996105 0.279204071 0.075862542 -0.046612076 0.003697140 -0.001584633 0.998905003
1403636580513555456.000000 -0.007911212 0.297795713 0.077708282 -0.063945331 0.002873914 -0.001754033 0.997947752
1403636580863555584.000000 -0.012021080 0.139097929 0.039897345 -0.048932835 0.012297424 -0.011745449 0.998657346
1403636581063555584.000000 -0.017895723 -0.008117633 0.009039961 -0.020199349 0.019262670 -0.018927006 0.999431252
1403636581263555584.000000 -0.019355664 -0.115711741 -0.017420305 0.011226375 0.021027423 -0.011028177 0.999655068
1403636582163555584.000000 -0.000743210 0.252054989 0.066879489 -0.053100523 0.020316144 -0.009300113 0.998339176
1403636584063555584.000000 0.012718374 0.274807662 0.074415460 -0.063834764 0.023386437 -0.011567164 0.997619390
1403636584913555456.000000 -0.002142306 -0.176742122 -0.024927843 0.018182667 0.045836985 -0.015258357 0.998666883
1403636585913555456.000000 0.016474253 0.112523124 0.016357230 -0.073038429 0.016629724 -0.005090817 0.997177482
