1403638518077829376.000000 0.000000000 0.000000000 0.000000000 -0.000000000 -0.000000000 -0.000000000 1.000000000
1403638522377829376.000000 -0.005840943 -0.067552239 -0.027800385 0.012186063 -0.018868355 0.003016456 0.999743164
1403638522427829504.000000 -0.005863240 -0.087763838 -0.034032360 0.012492474 -0.023418996 0.004471084 0.999637723
1403638522527829504.000000 -0.005331466 -0.132277593 -0.049677104 0.006318992 -0.031701349 0.010779948 0.999419272
1403638522727829504.000000 -0.005853088 -0.223378241 -0.075285755 0.012819453 -0.044716042 0.011170009 0.998855054
1403638522777829376.000000 -0.006152856 -0.247502118 -0.082091451 0.018070353 -0.048880335 0.010297911 0.998588085
1403638522877829376.000000 -0.006968929 -0.297866315 -0.097290270 0.027029233 -0.058773417 0.018982206 0.997724831
1403638523027829504.000000 -0.003349959 -0.364143819 -0.116725639 0.037798740 -0.063373201 0.029424420 0.996839643
1403638523377829376.000000 0.017829310 -0.357606441 -0.114730939 0.048056621 -0.050818499 0.021807877 0.997312665
1403638523877829376.000000 0.047635768 -0.125140190 -0.047632825 0.001382694 -0.039586514 -0.005739192 0.999198735
1403638523977829376.000000 0.051136121 -0.090527788 -0.042380352 0.001412788 -0.035334282 -0.015729483 0.999250770
1403638524727829504.000000 0.052494217 -0.375669509 -0.132355765 0.032524753 -0.042005081 -0.011588370 0.998520613
1403638524827829504.000000 0.048722766 -0.407203645 -0.137499735 0.037648626 -0.028537558 -0.014377151 0.998780012
1403638525027829504.000000 0.044592671 -0.431134760 -0.139537558 0.042652838 -0.037235007 -0.012506806 0.998317540
1403638525427829504.000000 0.041136701 -0.271373302 -0.078684241 0.015782125 -0.047584303 -0.026329139 0.998395443
1403638525777829376.000000 0.038366579 -0.134010002 -0.032957643 -0.014368346 -0.050800703 -0.014589774 0.998498857
1403638526027829504.000000 0.055946682 -0.098700002 -0.023603171 -0.005473045 -0.032425907 -0.020067701 0.999257684
1403638526327829504.000000 0.154139072 -0.120827891 -0.044072751 -0.006351188 -0.011981783 -0.004529968 0.999897778
1403638526477829376.000000 0.221629366 -0.134508163 -0.062775895 0.006774521 -0.001010272 0.007494764 0.999948502
1403638526727829504.000000 0.367215067 -0.140691891 -0.094582960 0.027232476 0.019028286 0.021333922 0.999220312
1403638526977829376.000000 0.530518770 -0.129665285 -0.127628669 0.024506822 0.040277235 0.021070119 0.998665750
1403638527077829376.000000 0.585864246 -0.127746940 -0.135901302 0.015284827 0.054167598 0.027395280 0.998038948
1403638527177829376.000000 0.636055946 -0.127508745 -0.143152341 0.010410375 0.069296889 0.035626464 0.996905386
1403638527227829504.000000 0.657858372 -0.129633620 -0.148970574 0.010878796 0.077409841 0.039288443 0.996165514
1403638527327829504.000000 0.689705670 -0.133575618 -0.150220335 0.016349727 0.096221514 0.040429398 0.994404137
1403638527377829376.000000 0.699097991 -0.136039287 -0.149235830 0.019647840 0.104686327 0.039217796 0.993537486
1403638527427829504.000000 0.703230321 -0.137840286 -0.146827698 0.022528039 0.111621380 0.037780207 0.992776811
1403638527477829376.000000 0.702752769 -0.140486598 -0.144664839 0.024220133 0.115904376 0.036912795 0.992278695
1403638527627829504.000000 0.669117033 -0.146596417 -0.125223383 0.024852231 0.118521065 0.035668191 0.991999447
1403638528877829376.000000 0.205088720 -0.252736002 0.161845058 0.023350401 0.053222679 0.043976530 0.997340560
1403638529427829504.000000 0.129506916 -0.209928080 0.031886194 0.000325988 0.070780851 0.019513704 0.997300982
1403638529877829376.000000 0.075372145 -0.087420382 0.001087427 -0.016743794 0.064596593 0.016591849 0.997633040
1403638530127829504.000000 0.069703780 -0.065210007 0.029012706 -0.016407689 0.066576332 0.018099073 0.997482300
1403638530577829376.000000 0.085164227 -0.052099857 0.096662723 -0.016946148 0.083299108 0.032830101 0.995839477
1403638530927829504.000000 0.092634469 -0.039669670 0.113455877 -0.028563883 0.083860248 0.035986677 0.995417774
1403638531827829504.000000 0.089010179 -0.035191637 0.116531663 -0.009600301 0.084420368 0.029594557 0.995944381
1403638539377829376.000000 0.091844976 -0.097608030 0.134510651 0.026809756 0.084282808 0.029452896 0.995645642
1403638540427829504.000000 0.109930366 -0.332879037 0.254041553 0.009822126 0.073496759 0.022351515 0.996996582
1403638540627829504.000000 0.104040161 -0.372672409 0.333630204 0.012544368 0.049725816 0.011716951 0.998615444
1403638541177829376.000000 0.049209699 -0.495323807 0.573414803 0.019385042 -0.066211179 -0.055186581 0.996089697
1403638541727829504.000000 -0.149430662 -0.665436327 0.820152640 0.024237262 -0.090312295 -0.062104225 0.993679702
1403638541977829376.000000 -0.287469923 -0.790720046 0.891013145 0.022043144 -0.129112557 -0.066732451 0.989136398
1403638542277829376.000000 -0.456033319 -0.899882793 0.995239377 0.017951446 -0.199651718 -0.091820806 0.975390136
1403638542577829376.000000 -0.640706062 -0.970074236 1.112060070 0.052342810 -0.246330693 -0.133197725 0.958561361
1403638543027829504.000000 -0.972064972 -1.093010426 1.187134743 0.027083527 -0.266455799 -0.121002868 0.955837965
1403638543577829376.000000 -1.417827129 -1.215345740 1.233421803 0.021485023 -0.279678464 -0.122593120 0.951992333
1403638543927829504.000000 -1.728634119 -1.259681702 1.267388105 0.027471764 -0.349952042 -0.161889076 0.922263980
1403638544227829504.000000 -2.014954567 -1.342279911 1.268670797 0.021679124 -0.395221561 -0.164995238 0.903386116
1403638544627829504.000000 -2.405826807 -1.418707371 1.315333128 0.028121667 -0.404321223 -0.163380772 0.899466634
1403638545127829504.000000 -2.872581244 -1.514768362 1.389185190 0.026373928 -0.409406692 -0.164878577 0.896942377
1403638545627829504.000000 -3.329586267 -1.501801252 1.510374904 0.026757017 -0.426712811 -0.170056969 0.887851834
1403638546027829504.000000 -3.676941395 -1.557883620 1.555300713 0.025768552 -0.499840498 -0.210735977 0.839693904
1403638546327829504.000000 -3.947390795 -1.610937119 1.590605974 0.024350284 -0.533652961 -0.224886820 0.814891100
1403638546627829504.000000 -4.228263378 -1.619487882 1.634808302 0.021433791 -0.544994116 -0.227019072 0.806836009
1403638546777829376.000000 -4.370108128 -1.636113524 1.645837069 0.023076005 -0.553529680 -0.231654510 0.799630284
1403638546977829376.000000 -4.567522526 -1.680030346 1.655086040 0.026507687 -0.557962954 -0.240328446 0.793862104
1403638547127829504.000000 -4.717557430 -1.694258094 1.662773371 0.030452184 -0.557468593 -0.246910527 0.792045832
1403638547277829376.000000 -4.873975277 -1.698058248 1.668114662 0.033010982 -0.556446552 -0.250697732 0.791472137
1403638547527829504.000000 -5.143368721 -1.680360913 1.663187981 0.023411153 -0.559713960 -0.238968581 0.793136954
1403638547777829376.000000 -5.423915386 -1.632538080 1.662303448 0.022322714 -0.557793438 -0.236797005 0.795170009
1403638548127829504.000000 -5.832845688 -1.559832931 1.649477959 0.023648296 -0.562731147 -0.241576314 0.790199518
1403638548377829376.000000 -6.137827873 -1.559811592 1.593271255 0.019797616 -0.589760721 -0.251580298 0.767136037
1403638548477829376.000000 -6.258225441 -1.572317600 1.567547798 0.019451668 -0.602784216 -0.255836993 0.755526483
1403638548577829376.000000 -6.388371468 -1.575385332 1.538431644 0.020016106 -0.612634242 -0.258890897 0.746494591
1403638548727829504.000000 -6.580713272 -1.579267740 1.497308731 0.019947655 -0.622072220 -0.262075275 0.737526238
1403638548977829376.000000 -6.912500381 -1.589406252 1.433107376 0.019303225 -0.628506303 -0.263862729 0.731425762
1403638549227829504.000000 -7.252619743 -1.639979362 1.346718311 0.018720860 -0.629524887 -0.262295365 0.731128633
1403638549377829376.000000 -7.463495255 -1.687346458 1.286518574 0.016642181 -0.630109251 -0.258148849 0.732150614
1403638549577829376.000000 -7.743240833 -1.741281271 1.215408325 0.016008828 -0.630609035 -0.252947271 0.733548641
1403638549827829504.000000 -8.095582008 -1.797739506 1.140072346 0.016710522 -0.629857719 -0.252216667 0.734429538
1403638550077829376.000000 -8.451009750 -1.887824059 1.056546211 0.013702616 -0.628959119 -0.252651572 0.735112131
1403638550277829376.000000 -8.738290787 -1.993793964 0.982338428 0.012332863 -0.629366517 -0.253609806 0.734457433
1403638550427829504.000000 -8.950062752 -2.074314594 0.937209129 0.013056229 -0.630729795 -0.252187997 0.733764827
1403638550727829504.000000 -9.378876686 -2.214477777 0.872051239 0.013776653 -0.636194885 -0.239883691 0.733159006
1403638551027829504.000000 -9.794919014 -2.317840338 0.840791702 0.032099172 -0.641604125 -0.222530380 0.733344495
1403638551477829376.000000 -10.303092957 -2.493542671 0.855964661 0.019099327 -0.627615333 -0.210081086 0.749399841
1403638551927829504.000000 -10.703357697 -2.683739901 1.022090435 0.013125181 -0.553846061 -0.171622768 0.814633608
1403638552527829504.000000 -11.049125671 -3.057646990 1.368703842 0.027703002 -0.529827416 -0.160174534 0.832381845
1403638553427829504.000000 -11.116776466 -3.437710524 2.131722927 0.062375762 -0.541033268 -0.170115203 0.821250916
1403638554277829376.000000 -10.574120522 -3.909633398 2.673023701 0.043203905 -0.531393886 -0.202279776 0.821484566
1403638555127829504.000000 -9.868462563 -4.204671860 3.076521397 0.026916398 -0.524809062 -0.190846071 0.829113245
1403638555527829504.000000 -9.527945518 -4.305056095 3.317661762 0.028624713 -0.493228853 -0.185128361 0.849490106
1403638556127829504.000000 -9.034947395 -4.518939972 3.650326729 0.024687307 -0.488638103 -0.190773636 0.851016343
1403638556777829376.000000 -8.605955124 -4.779494286 4.062850952 0.002118257 -0.491992772 -0.179062515 0.851983130
1403638557477829376.000000 -8.234930038 -5.155603409 4.671534538 0.020613136 -0.492227077 -0.183661982 0.850620866
1403638558227829504.000000 -7.872253418 -5.545936584 5.369893074 0.004397423 -0.483098567 -0.201735064 0.851997375
1403638558977829376.000000 -7.799009323 -6.050404549 6.068014145 0.002217142 -0.484656155 -0.189085647 0.854020000
1403638559827829504.000000 -7.965654373 -6.406676292 7.013845444 0.031120984 -0.484868973 -0.200444862 0.850738227
1403638560327829504.000000 -8.097232819 -6.546816826 7.526824474 0.033652995 -0.416659445 -0.160025030 0.894233942
1403638560777829376.000000 -8.205932617 -6.568383217 7.984947205 0.041918334 -0.309745520 -0.088326827 0.945779562
1403638561127829504.000000 -8.197542191 -6.631803989 8.282687187 0.054842245 -0.233199209 -0.050773967 0.969552755
1403638561327829504.000000 -8.143362999 -6.696135044 8.411170959 0.060436413 -0.205283940 -0.037980579 0.976096034
1403638561727829504.000000 -7.974256516 -6.760580540 8.628320694 0.040064957 -0.184089944 -0.065355271 0.979915500
1403638562177829376.000000 -7.751301765 -6.749636173 8.856177330 0.042569503 -0.153180540 -0.060493588 0.985425830
1403638562577829376.000000 -7.553282738 -6.792767525 8.985042572 0.045027576 -0.096764490 -0.030354818 0.993824840
1403638562877829376.000000 -7.385979176 -6.842133999 9.028852463 0.044428140 -0.029881036 0.014749862 0.998456657
1403638563227829504.000000 -7.156052589 -6.832305908 9.074362755 0.046170685 0.043921921 0.053522602 0.996531188
1403638563727829504.000000 -6.741487503 -6.727414608 9.060183525 0.060058594 0.070653722 0.060910903 0.993826389
1403638564227829504.000000 -6.226936340 -6.647024632 8.826960564 0.060853884 0.052416489 0.059471864 0.994993687
1403638564577829376.000000 -5.801382542 -6.562839508 8.577413559 0.064461358 0.044468720 0.049754206 0.995686650
1403638564627829504.000000 -5.734683990 -6.549829483 8.534974098 0.063275971 0.043060515 0.051498711 0.995735824
1403638564827829504.000000 -5.467850685 -6.481923580 8.355549812 0.060581345 0.040158194 0.060907390 0.995493591
1403638564927829504.000000 -5.328030586 -6.438164711 8.265847206 0.061278634 0.039812054 0.064200200 0.995257914
1403638565077829376.000000 -5.106552124 -6.329709053 8.135212898 0.060533360 0.038681034 0.066712886 0.995182872
1403638565177829376.000000 -4.955039024 -6.235813141 8.052485466 0.059282377 0.038602341 0.067083254 0.995236337
1403638565327829504.000000 -4.713518620 -6.088575840 7.919232368 0.056706991 0.040039428 0.064900197 0.995474339
1403638565427829504.000000 -4.546647072 -5.981039524 7.830317020 0.055685759 0.041261956 0.062515713 0.995634675
1403638565577829376.000000 -4.295295238 -5.832284927 7.683671474 0.060646046 0.047647081 0.055049069 0.995500624
1403638565727829504.000000 -4.028482914 -5.688715935 7.518480778 0.059754252 0.056946814 0.038139656 0.995857358
1403638565977829376.000000 -3.600919247 -5.469132423 7.221516132 0.049586479 0.065388694 0.027845442 0.996237993
1403638566177829376.000000 -3.273396730 -5.291834831 6.976194382 0.046599224 0.065873034 0.029619999 0.996299088
1403638566327829504.000000 -3.030209780 -5.126694679 6.793751717 0.045776084 0.065223671 0.029447086 0.996385157
1403638566377829376.000000 -2.958832264 -5.071693897 6.733668804 0.045463298 0.065341882 0.028127067 0.996429861
1403638566427829504.000000 -2.876528502 -5.015692711 6.676182270 0.045433816 0.064208195 0.028775726 0.996486366
1403638566527829504.000000 -2.727041960 -4.901962280 6.557174206 0.044221770 0.062043879 0.029788593 0.996648252
1403638566627829504.000000 -2.586025238 -4.771917343 6.446866989 0.033101723 0.059664950 0.030093871 0.997215509
1403638566777829376.000000 -2.376612663 -4.558817863 6.288259029 0.003152374 0.057024918 0.028317805 0.997966111
1403638566977829376.000000 -2.104627371 -4.282845497 6.099369526 -0.017711559 0.053273540 0.026300596 0.998076439
1403638567477829376.000000 -1.448263884 -3.626878262 5.747657776 0.035957541 0.058700718 0.016018173 0.997499228
1403638567977829376.000000 -0.905503929 -3.091038465 5.401266575 0.010753759 0.066580117 0.018661674 0.997548580
1403638568977829376.000000 -0.143391848 -2.471175432 4.873694420 0.005744942 0.070277110 0.010526174 0.997455418
1403638571677829376.000000 0.539681613 -1.774544954 4.611254692 0.039282091 0.276472569 0.135872468 0.950556993
1403638572427829504.000000 1.194330215 -1.479490757 4.146189690 0.015170892 0.413096368 0.196957871 0.889004409
1403638573227829504.000000 2.088852882 -1.265821218 3.610837460 -0.010490759 0.446992248 0.191020861 0.873841465
1403638573777829376.000000 2.802352905 -1.263909817 3.383774042 -0.015584724 0.459143043 0.186413705 0.868443847
1403638574077829376.000000 3.230648518 -1.308857679 3.320452452 0.022725537 0.507720947 0.203056321 0.836941540
1403638574377829376.000000 3.634970665 -1.306303978 3.264244080 0.046681918 0.566321790 0.242654637 0.786269128
1403638574827829504.000000 4.186558723 -1.258323908 3.108932734 0.021158675 0.628518224 0.252036929 0.735523343
1403638575527829504.000000 4.962395191 -1.136480212 2.829450607 0.010417557 0.614663363 0.277239412 0.738389254
1403638576077829376.000000 5.664945602 -1.072443008 2.558635712 -0.016216822 0.611348629 0.262115598 0.746515393
1403638576577829376.000000 6.418745041 -1.111108065 2.351043224 -0.030508080 0.619705021 0.242154449 0.745919764
1403638577127829504.000000 7.301105022 -1.122820854 2.343777657 0.001177630 0.622343421 0.238903895 0.745393991
1403638577577829376.000000 7.983966351 -1.229815722 2.406623363 -0.009568983 0.624856293 0.230463788 0.745888352
1403638577877829376.000000 8.423104286 -1.292691469 2.515345573 -0.005814187 0.621404469 0.236962289 0.746774077
1403638578077829376.000000 8.708721161 -1.331651688 2.603930950 -0.003620838 0.620416582 0.236023664 0.747905731
1403638578227829504.000000 8.919653893 -1.384907722 2.674741268 0.008332000 0.616015971 0.245613113 0.748417735
1403638578427829504.000000 9.186962128 -1.459666014 2.761923313 0.015398097 0.613615990 0.252699405 0.747918010
1403638578577829376.000000 9.388592720 -1.498431921 2.829663277 0.015981592 0.614289522 0.253126204 0.747208297
1403638578677829376.000000 9.521900177 -1.515741825 2.873524666 0.015725423 0.615575910 0.250766486 0.746950567
1403638578827829504.000000 9.714418411 -1.539518833 2.939084053 0.006682194 0.618761361 0.242635056 0.747139871
1403638579127829504.000000 10.099246979 -1.583101273 3.084316254 0.003710670 0.620815516 0.234057233 0.748192191
1403638579377829376.000000 10.399452209 -1.672085524 3.199577332 0.012170582 0.616913199 0.242117465 0.748765051
1403638579577829376.000000 10.632463455 -1.737050056 3.293671608 0.027696259 0.611927271 0.247173175 0.750788569
1403638579827829504.000000 10.896102905 -1.783585787 3.418118477 0.033203859 0.587179124 0.214994356 0.779676616
1403638580027829504.000000 11.061915398 -1.817916393 3.521866322 0.027487488 0.534303725 0.188857764 0.823466361
1403638580177829376.000000 11.179910660 -1.830053687 3.617859840 0.043092664 0.483178407 0.158024609 0.860063910
1403638580427829504.000000 11.323211670 -1.810857892 3.755596876 0.045441922 0.386463463 0.139763579 0.910520315
1403638580677829376.000000 11.428321838 -1.788201451 3.851758480 0.036891814 0.330687851 0.133967265 0.933454514
1403638582027829504.000000 12.026731491 -2.030250788 4.196251869 0.051329080 0.320200086 0.106733948 0.939917624
1403638582727829504.000000 12.100944519 -2.280314922 4.222738266 0.035807475 0.319580376 0.108310141 0.940667391
1403638583077829376.000000 12.067762375 -2.469230413 4.196170807 0.024094651 0.319658816 0.114185423 0.940318763
1403638584777829376.000000 11.514466286 -2.927276134 4.426116467 0.047818370 0.322826147 0.103726029 0.939541221
1403638585127829504.000000 11.251398087 -2.989157677 4.423006058 0.025868442 0.318420351 0.116584621 0.940397501
1403638585527829504.000000 10.935750008 -2.999031067 4.437179565 0.030471904 0.319021344 0.114852108 0.940268993
1403638585827829504.000000 10.687709808 -3.032661915 4.435612679 0.012514534 0.316526204 0.121023618 0.940748572
1403638586227829504.000000 10.396657944 -3.148972511 4.437731743 0.023325928 0.318694741 0.121332049 0.939770281
1403638586577829376.000000 10.151682854 -3.199578285 4.476233959 0.034330528 0.327432483 0.103167810 0.938597798
1403638586877829376.000000 9.915410995 -3.209305048 4.524025917 0.035459161 0.323050410 0.113026686 0.938938797
1403638587277829376.000000 9.573007584 -3.187797785 4.597212791 0.030945340 0.321948290 0.113781378 0.939385712
1403638587577829376.000000 9.302134514 -3.206530094 4.618422508 0.027832899 0.320768982 0.118326940 0.939324915
1403638587877829376.000000 9.036698341 -3.195222855 4.659212112 0.029293383 0.321010172 0.120138854 0.938968062
1403638588027829504.000000 8.904254913 -3.179890156 4.683159351 0.030228328 0.321146160 0.120258890 0.938876569
1403638588277829376.000000 8.682133675 -3.143149853 4.726217747 0.026186623 0.325684398 0.107486047 0.938983858
1403638588677829376.000000 8.312364578 -3.144471884 4.771461487 0.028578207 0.322545588 0.113154776 0.939331532
1403638588927829504.000000 8.072417259 -3.174520016 4.781790733 0.032086726 0.321289182 0.117748834 0.939084113
1403638589027829504.000000 7.972704411 -3.179180145 4.787877083 0.031568807 0.321669310 0.118453301 0.938882887
1403638589327829504.000000 7.681305408 -3.156374216 4.811577797 0.032105900 0.322766423 0.116958961 0.938675523
1403638589427829504.000000 7.583187103 -3.150320530 4.816240788 0.031737909 0.322302163 0.117614120 0.938765645
1403638589577829376.000000 7.435882092 -3.146740437 4.821043015 0.031052684 0.322349489 0.117989205 0.938725233
1403638589727829504.000000 7.288017750 -3.150839806 4.816933632 0.028474592 0.322140694 0.118116617 0.938862622
1403638589877829376.000000 7.142364979 -3.161062717 4.809002876 0.026272295 0.322727263 0.119070396 0.938604891
1403638590027829504.000000 6.998549461 -3.159699917 4.802066326 0.026437163 0.322884142 0.120664887 0.938342631
1403638590227829504.000000 6.805197239 -3.144304514 4.806406975 0.028375313 0.324332267 0.120180167 0.937848687
1403638590527829504.000000 6.515702248 -3.103080511 4.809552193 0.026230762 0.324734986 0.121625215 0.937585413
1403638590927829504.000000 6.150663853 -3.087553978 4.793780804 0.018396776 0.322793245 0.125596941 0.937918723
1403638591477829376.000000 5.709933758 -3.123458385 4.778226376 -0.016161572 0.317728370 0.140230969 0.937615514
1403638592377829376.000000 5.391294956 -3.246660471 5.061477661 0.026715577 0.297377437 0.134677887 0.944835901
1403638593327829504.000000 5.476640701 -3.757609129 5.282025337 0.008460009 0.240598157 0.097211085 0.965707481
1403638593877829376.000000 5.599521637 -4.051182270 5.493887901 0.048163351 0.251210392 0.080106005 0.963408887
1403638594627829504.000000 5.587415218 -4.397645950 5.608662605 0.042357069 0.222850993 0.072913341 0.971198738
1403638595877829376.000000 5.306779861 -4.633296967 5.604054451 0.028036240 0.226400346 0.075514369 0.970697939
1403638596827829504.000000 4.756981850 -4.667554379 5.655336857 0.014023559 0.252509981 -0.005901429 0.967474639
1403638597127829504.000000 4.320211411 -4.808293819 5.713258266 0.019405853 0.256509125 -0.012505928 0.966266096
1403638597427829504.000000 3.746087074 -4.919098854 5.825194359 0.031907514 0.254723400 0.001543684 0.966486156
1403638597727829504.000000 3.062985659 -4.995427608 5.978435993 0.049991686 0.246976107 0.027368827 0.967344105
1403638597927829504.000000 2.551765680 -5.019483089 6.077371597 0.042060379 0.243393332 0.005116804 0.969001830
1403638598077829376.000000 2.160002232 -5.046450615 6.143334389 0.043662596 0.232782364 0.003529878 0.971541882
1403638598227829504.000000 1.726676226 -5.075608730 6.210647583 0.046808179 0.214893103 0.032128885 0.974986017
1403638598377829376.000000 1.284661889 -5.114716530 6.266433716 0.042765249 0.204687163 0.050838508 0.976570427
1403638598577829376.000000 0.716420770 -5.129778862 6.346347809 0.037119355 0.196886063 0.055544354 0.978147686
1403638598777829376.000000 0.146604121 -5.141427040 6.416560173 0.034050085 0.175439328 0.046730097 0.982790887
1403638598927829504.000000 -0.285988331 -5.152152538 6.473839760 0.034820262 0.152987123 0.035460938 0.986977696
1403638599027829504.000000 -0.570926785 -5.163821697 6.494694710 0.035031416 0.134150609 0.029740589 0.989894927
1403638599127829504.000000 -0.840941191 -5.174750328 6.516149044 0.036096383 0.114951625 0.020665267 0.992499948
1403638599227829504.000000 -1.123634219 -5.191229820 6.529265404 0.035600834 0.095861904 0.011561002 0.994690657
1403638599327829504.000000 -1.390210867 -5.207190990 6.540485382 0.034130331 0.074807435 0.003691580 0.996606946
1403638599427829504.000000 -1.659522891 -5.226070881 6.555223465 0.030513832 0.058065411 -0.004559431 0.997835934
1403638599527829504.000000 -1.922158480 -5.249888420 6.562132359 0.027124878 0.045915104 -0.010093484 0.998526037
1403638599677829376.000000 -2.311805010 -5.272366524 6.592801571 0.023210658 0.035315227 -0.012553697 0.999027789
1403638600277829376.000000 -3.828540564 -5.334254742 6.730175972 0.009253967 0.024056707 0.038556024 0.998924017
1403638600327829504.000000 -3.946320295 -5.329920292 6.747959137 0.007144715 0.023148526 0.044069801 0.998734713
1403638600477829376.000000 -4.274684429 -5.333580971 6.803529739 0.003675591 0.020415956 0.058674254 0.998061657
1403638600827829504.000000 -4.916457176 -5.404833794 6.956875324 -0.010357203 0.022799054 0.056119051 0.998109996
1403638601127829504.000000 -5.347772121 -5.509793758 7.124848843 -0.014958391 0.036091398 0.011691499 0.999168158
1403638601377829376.000000 -5.687490463 -5.594815254 7.318939209 0.005985535 0.037655193 -0.007785977 0.999242544
1403638601627829504.000000 -6.028952122 -5.709445477 7.517264843 0.024283774 -0.001805249 -0.014646924 0.999596179
1403638601827829504.000000 -6.292853355 -5.815474510 7.662222385 0.031574808 -0.051664911 -0.042805314 0.997246981
1403638602027829504.000000 -6.564487934 -5.938301086 7.805977345 0.034452781 -0.101442888 -0.067891963 0.991923928
1403638602227829504.000000 -6.839436531 -6.034525871 7.935090065 0.042235963 -0.131041095 -0.087282576 0.986623645
1403638602377829376.000000 -7.073829651 -6.100168228 8.025339127 0.058148067 -0.164599717 -0.090370238 0.980489135
1403638602477829376.000000 -7.223106384 -6.146653175 8.073735237 0.087308757 -0.196918622 -0.077194691 0.973468661
1403638602627829504.000000 -7.430248260 -6.217335701 8.116357803 0.119677112 -0.242226407 -0.058708999 0.961018741
1403638602977829376.000000 -7.785637856 -6.360162735 8.065628052 0.103251085 -0.319421947 -0.083510451 0.938261628
1403638603577829376.000000 -8.013741493 -6.402833939 7.781184196 0.039870638 -0.379173398 -0.131071970 0.915127397
1403638604527829504.000000 -8.023086548 -6.066132069 7.158793449 0.057357635 -0.377049923 -0.151882231 0.911852658
1403638605227829504.000000 -7.906047344 -5.803506851 6.412536621 0.009808248 -0.375781894 -0.156220764 0.913393021
1403638606027829504.000000 -7.940514565 -5.561436653 5.625766754 0.060364939 -0.359258264 -0.196570918 0.910301864
1403638606427829504.000000 -8.094835281 -5.373715401 5.119195461 0.038174413 -0.358436197 -0.190427691 0.913128436
1403638606727829504.000000 -8.270697594 -5.157202721 4.739719391 0.000704940 -0.373579830 -0.178146198 0.910330534
1403638607027829504.000000 -8.503879547 -4.942752361 4.404876232 -0.008592960 -0.421418577 -0.195308775 0.885543346
1403638608227829504.000000 -9.630002022 -4.247069359 3.609284401 0.032235686 -0.475813031 -0.175448954 0.861266851
1403638608577829376.000000 -9.885693550 -3.968721867 3.524460316 0.045484692 -0.473344475 -0.175539061 0.862010539
1403638609077829376.000000 -10.134465218 -3.599286079 3.384984493 0.031982698 -0.475272268 -0.172398314 0.862190366
1403638610127829504.000000 -10.332906723 -2.971902132 3.267846107 0.040326554 -0.477418721 -0.165424943 0.862020731
1403638611777829376.000000 -9.586112976 -2.204071999 3.186297894 0.048921458 -0.472507089 -0.184818804 0.860340476
1403638612327829504.000000 -9.149174690 -2.009665966 3.082200527 0.028776396 -0.475044578 -0.173085868 0.862291038
1403638612877829376.000000 -8.702901840 -1.821316004 2.995890141 0.049041037 -0.463070899 -0.180459023 0.866368830
1403638613477829376.000000 -8.197491646 -1.678658605 2.838732004 0.042152043 -0.461403459 -0.177349225 0.868261099
1403638613977829376.000000 -7.764837742 -1.495610833 2.693320751 0.053052612 -0.436749876 -0.149156168 0.885543585
1403638614177829376.000000 -7.562651634 -1.391619444 2.650665998 0.048075613 -0.400551885 -0.143023893 0.903764963
1403638614377829376.000000 -7.357529163 -1.306274533 2.582189798 0.041441213 -0.370622545 -0.134895697 0.918000400
1403638614677829376.000000 -7.043113232 -1.236520052 2.462607861 0.034939442 -0.345452636 -0.116368733 0.930537522
1403638614827829504.000000 -6.876416683 -1.226770401 2.395587206 0.022062661 -0.326685756 -0.098472841 0.939730167
1403638615027829504.000000 -6.651230812 -1.246988297 2.325366259 0.011765650 -0.284370154 -0.080725491 0.955237448
1403638615227829504.000000 -6.402523041 -1.293582678 2.245133638 0.023845566 -0.221972331 -0.070684142 0.972195148
1403638615577829376.000000 -5.957986355 -1.371178389 2.148267269 0.036526185 -0.113796830 -0.037078127 0.992139757
1403638615827829504.000000 -5.654936790 -1.402887583 2.090743542 0.036765803 -0.073778450 -0.021427153 0.996366322
1403638616327829504.000000 -5.055181026 -1.414000392 1.964970350 0.033552628 0.004479705 0.014085008 0.999327660
1403638616727829504.000000 -4.557426453 -1.250942588 1.931156278 0.011585454 0.060513124 0.042534929 0.997193456
1403638617977829376.000000 -2.987180710 -1.298121691 2.039762974 -0.002338504 0.055220146 0.014070123 0.998372376
1403638618777829376.000000 -2.149599791 -1.646057010 2.441628456 0.002174674 0.058251921 0.011042463 0.998238504
1403638619077829376.000000 -1.878596187 -1.801856160 2.648864508 0.016736362 0.089820199 0.020318309 0.995610058
1403638619377829376.000000 -1.639796019 -1.910032988 2.886208296 0.024539692 0.163517684 0.051608875 0.984883904
1403638619427829504.000000 -1.598360062 -1.925973415 2.925301790 0.025409661 0.174201533 0.057820614 0.982682586
1403638619527829504.000000 -1.526709676 -1.942978024 3.009597778 0.027861696 0.191340446 0.068546206 0.978730798
1403638619677829376.000000 -1.424053431 -1.967714787 3.132216215 0.031119917 0.203852668 0.088748805 0.974473894
1403638619777829376.000000 -1.359679341 -1.977181554 3.210566521 0.033185400 0.207206294 0.100156829 0.972590864
1403638620377829376.000000 -0.909709334 -2.032046556 3.575263739 0.039749950 0.221704066 0.098701045 0.969291210
1403638621127829504.000000 -0.300776988 -2.081923723 3.809819221 0.026091119 0.214265332 0.079609975 0.973176181
1403638621827829504.000000 0.195513517 -2.084960461 3.971576452 0.043663759 0.210298657 0.065612659 0.974455237
1403638622777829376.000000 0.570568442 -1.936375022 3.923969984 0.071965344 0.216300368 0.060029753 0.971818745
1403638624377829376.000000 0.481927276 -1.568984985 2.763144255 0.035501350 0.217312396 0.085518323 0.971700430
1403638624827829504.000000 0.418628275 -1.356302261 2.379293919 0.043029875 0.215047926 0.073661834 0.972870409
1403638625077829376.000000 0.374703050 -1.259545326 2.130541801 0.036083721 0.199116737 0.076111831 0.976349056
1403638625277829376.000000 0.340305537 -1.174640656 1.935194731 0.034916449 0.191426948 0.079833053 0.977631450
1403638625477829376.000000 0.311165571 -1.089411855 1.739485025 0.036058366 0.188877419 0.079624206 0.978102803
1403638625577829376.000000 0.290362507 -1.053773761 1.639293313 0.035291750 0.189425066 0.078467399 0.978118360
1403638625727829504.000000 0.272923797 -1.011880398 1.482105017 0.028501684 0.189173982 0.079371840 0.978315413
1403638625927829504.000000 0.252973825 -0.956005573 1.275053024 0.018604387 0.189823210 0.079953179 0.978380561
1403638626277829376.000000 0.244628042 -0.815919578 0.958227634 0.017726580 0.191681668 0.079541542 0.978068054
1403638626927829504.000000 0.232070357 -0.529979706 0.482012123 0.002866870 0.193384930 0.070993304 0.978546858
1403638627377829376.000000 0.229833961 -0.414815545 0.246999219 0.004264932 0.192657381 0.067118123 0.978958666
1403638627727829504.000000 0.234181970 -0.314953834 0.134200960 0.012999915 0.195100129 0.062850423 0.978681147
1403638628027829504.000000 0.228230029 -0.240426809 0.071778752 0.009876188 0.197323442 0.060804784 0.978401065
1403638628227829504.000000 0.218931317 -0.199604556 0.045744345 0.007578122 0.198601708 0.061439537 0.978123307
1403638628427829504.000000 0.200816095 -0.175418228 0.029280201 0.007036945 0.197933629 0.065697186 0.977986038
1403638628577829376.000000 0.184953347 -0.171180040 0.021124121 0.023683719 0.193432003 0.079604365 0.977592111
1403638629127829504.000000 0.160624519 -0.119733170 -0.008490985 0.023187369 0.198732167 0.067413561 0.977457583
1403638629327829504.000000 0.150877565 -0.106452256 -0.021524696 0.019631537 0.199865878 0.064028077 0.977531910
1403638629427829504.000000 0.143799290 -0.102333955 -0.027395396 0.012400110 0.199789003 0.065472409 0.977570474
1403638630177829376.000000 0.128961682 -0.063113816 0.008404895 0.037493486 0.202211261 0.067502782 0.976293147
1403638630327829504.000000 0.128390864 -0.015433534 0.032896653 0.025293328 0.202561632 0.067810267 0.976591408
1403638630427829504.000000 0.128553689 -0.062296905 0.008798344 0.011617587 0.195042029 0.078157626 0.977606773
1403638630677829376.000000 0.099331684 0.029509589 0.182057321 -0.000846183 0.195297271 0.069789022 0.978257537
1403638630727829504.000000 0.104538858 0.038893130 0.108480647 -0.010194218 0.186712250 0.069341913 0.979911447
