1403715523912143104.000000 0.000000000 0.000000000 0.000000000 -0.000000000 -0.000000000 -0.000000000 1.000000000
1403715529012143104.000000 -0.037809789 -0.045700151 0.020160560 0.005390423 0.004102087 0.013079030 0.999891579
1403715529062142976.000000 -0.043369219 -0.058410294 0.019121611 0.003856781 0.001273744 0.013212012 0.999904513
1403715529112143104.000000 -0.049935680 -0.074728847 0.015983682 0.003463899 -0.003718959 0.014102224 0.999887645
1403715529162142976.000000 -0.057001468 -0.092080645 0.012891141 0.003399376 -0.010077555 0.012474354 0.999865651
1403715529262142976.000000 -0.071756072 -0.132265374 0.004739693 -0.001293981 -0.025960814 0.008093416 0.999629378
1403715529462142976.000000 -0.105246633 -0.204384089 -0.005862185 -0.006954942 -0.061744951 -0.009865144 0.998018980
1403715530412143104.000000 -0.367192775 -0.534151196 0.037653267 0.010326604 -0.095536701 -0.041450646 0.994508922
1403715531262142976.000000 -0.816065550 -0.944517374 -0.054540798 -0.037994415 -0.184472546 -0.036920756 0.981408775
1403715531912143104.000000 -1.122616529 -1.114619613 0.117191866 0.019308869 -0.188729838 -0.034791745 0.981222570
1403715534112143104.000000 -0.131055042 -1.151775122 0.186143175 -0.000153584 -0.059944216 0.036213409 0.997544646
1403715534762142976.000000 0.859284997 -0.991997302 0.203143716 -0.008556935 -0.000510353 0.018522067 0.999791741
1403715535162142976.000000 1.392481327 -0.862831593 0.302790701 -0.048321705 0.100159295 0.049505714 0.992563546
1403715536262142976.000000 2.718209743 -0.804789126 1.099155188 -0.045360465 0.044998500 0.013556535 0.997864604
1403715537062142976.000000 3.181013584 -1.064108133 1.954412937 0.074068077 0.035541747 -0.071641207 0.994041383
1403715539312143104.000000 1.962374806 -0.700820148 0.680367470 -0.006029634 0.351361692 0.145384431 0.924863219
1403715540012143104.000000 1.692581415 -0.327929735 0.019496024 -0.026271470 0.429382861 0.211032480 0.877727449
1403715541312143104.000000 2.489485741 -0.303068608 -0.913233280 -0.017227234 0.422327220 0.226145118 0.877611220
1403715541512143104.000000 2.763942003 -0.282004207 -0.992867768 -0.029165084 0.432084322 0.210419506 0.876456618
1403715541862142976.000000 3.283960342 -0.229053348 -1.090294242 -0.065194882 0.447440267 0.158959284 0.877655327
1403715542462142976.000000 4.012184143 -0.322627485 -0.926894605 0.022139916 0.369257957 0.092276201 0.924469352
1403715545612143104.000000 2.950008392 0.229668617 -1.106727123 0.013778455 0.637723207 0.277243823 0.718508959
1403715546412143104.000000 2.074040413 0.275751710 -1.525222540 -0.007658200 0.491065711 0.198380202 0.848198771
1403715547212143104.000000 1.287371159 0.258751422 -1.908112645 -0.059906483 0.144499630 0.063933037 0.985618412
1403715547862142976.000000 0.760075808 0.126110211 -1.761530995 -0.072997533 -0.093808070 -0.044963390 0.991891980
1403715548462142976.000000 0.107900634 -0.110355228 -1.217160106 0.011476101 -0.174363390 -0.070353933 0.982097805
1403715549412143104.000000 -1.062911510 -0.329021662 -0.366957664 0.046725862 -0.201609448 -0.035036996 0.977723241
1403715550562142976.000000 -1.427052379 -0.659639120 0.390422374 -0.009324416 0.050372507 0.083037123 0.995228887
1403715551112143104.000000 -1.025167108 -0.796551764 0.781615973 0.000506570 0.243083715 0.186635658 0.951880872
1403715551762142976.000000 -0.089458764 -0.914428711 0.917940497 0.034002464 0.482382119 0.232045099 0.843982518
1403715552462142976.000000 0.813841403 -0.871404648 0.570911705 0.043441024 0.712623179 0.217191279 0.665664434
1403715553312143104.000000 0.765247583 -0.700472772 0.013119578 0.078903452 0.896187663 0.314770103 0.302558750
1403715554162142976.000000 -0.416165859 -0.516491830 -0.245762944 -0.040086783 0.914445162 0.389589906 0.101994306
1403715559062142976.000000 0.182862401 -0.234963119 -1.872399211 -0.056955714 0.935149670 0.282590657 0.205897316
1403715560412143104.000000 0.821219563 -0.079831302 -1.606968284 -0.053579841 0.810896039 0.309745073 0.493593782
1403715562112143104.000000 2.508080244 -0.408992618 -0.664392531 0.019586995 0.553790331 0.160017088 0.816901028
1403715562912143104.000000 2.650691509 -0.671666145 -0.094850898 -0.018195400 0.473059982 0.178724289 0.862520039
1403715563612143104.000000 2.444327831 -0.915303707 0.527293384 0.036312152 0.260117561 0.067495540 0.962530315
1403715563962142976.000000 2.194467068 -0.890976250 0.779469490 0.061913423 0.120964825 0.030593526 0.990251660
1403715564212143104.000000 1.960632324 -0.814443707 0.897168100 0.059083838 -0.002259153 0.041329082 0.997394562
1403715564462142976.000000 1.763876438 -0.753326654 0.931114435 0.037494425 -0.121626846 -0.004533569 0.991857111
1403715564762142976.000000 1.579250097 -0.741443574 0.874074280 0.021586593 -0.259092540 -0.082398869 0.962089121
1403715565462142976.000000 1.200192213 -1.005743980 0.537299156 0.059384286 -0.539274454 -0.157393783 0.825156748
1403715565862142976.000000 1.089333773 -1.038264751 0.307295859 0.061230447 -0.685635626 -0.201954976 0.696684241
1403715566262142976.000000 1.155361056 -1.080946207 0.064594984 0.060190093 -0.824839354 -0.257252246 0.499838471
1403715566912143104.000000 1.479932547 -1.043668270 -0.121506453 0.057983410 -0.940530956 -0.294037014 0.159942836
1403715567512143104.000000 2.020120144 -0.973362386 0.003301978 -0.043077268 0.908403993 0.328832000 0.254590183
1403715568112143104.000000 2.459902048 -0.801442385 0.309035540 -0.029842006 0.754074574 0.249598384 0.606779754
1403715568512143104.000000 2.656882524 -0.763549328 0.592153311 -0.008340542 0.604112446 0.193090484 0.773107171
1403715569162142976.000000 2.702572823 -0.820838511 1.053726196 -0.006598048 0.317255169 0.114348508 0.941397965
1403715569612143104.000000 2.537810326 -0.923268378 1.417005897 0.036559463 0.201853797 0.061003201 0.976830125
1403715570162142976.000000 2.230948448 -1.025181055 1.636179566 0.044386089 -0.003599655 -0.003456070 0.999001980
1403715570512143104.000000 1.963268876 -1.012556434 1.636590600 0.067243911 -0.166279048 -0.054130055 0.982292950
1403715570662142976.000000 1.853671432 -1.001095533 1.605214357 0.068350486 -0.239365891 -0.078890860 0.965302229
1403715570962142976.000000 1.637270331 -0.899661183 1.487277627 0.057171002 -0.385342687 -0.129408792 0.911863923
1403715571412143104.000000 1.376825929 -0.797932148 1.256244779 0.069377646 -0.490466356 -0.138891429 0.857518971
1403715571862142976.000000 1.218300581 -0.607642770 0.997552395 -0.081093363 -0.506480515 -0.104932211 0.851992071
1403715573062142976.000000 0.340655804 -0.519676089 1.345878124 0.056586992 -0.664865732 -0.237432316 0.705958545
1403715574012143104.000000 -0.314992547 -0.690436840 1.110619545 0.019427329 -0.835652590 -0.338242114 0.432318866
1403715574662142976.000000 -0.842610002 -0.736126244 0.798148751 0.096836708 -0.905119002 -0.354000002 0.214630365
1403715575362142976.000000 -1.087562323 -0.660356820 0.230118543 0.073571317 -0.933676362 -0.298105597 0.184306398
1403715576212143104.000000 -0.737107873 -0.585926652 -0.393899381 0.060958579 -0.920348227 -0.313103497 0.226294860
1403715576912143104.000000 0.044907808 -0.568077564 -0.755427659 0.069165222 -0.921821415 -0.285601676 0.252770841
1403715578212143104.000000 1.738148451 -0.423574567 -0.588063836 -0.059353933 -0.872190237 -0.300328046 0.381529033
1403715578712143104.000000 2.000702381 -0.269725502 -0.238664627 -0.026184730 -0.772691369 -0.359486401 0.522524536
1403715578862142976.000000 2.006209373 -0.219286919 -0.153809786 -0.032055404 -0.751109958 -0.376670092 0.541226327
1403715579312143104.000000 1.802703381 -0.116537929 -0.146278143 0.117691696 -0.757647634 -0.337060630 0.546359658
1403715579962142976.000000 1.635358095 0.114818335 -0.822671175 0.078950085 -0.777119398 -0.300198436 0.547478974
1403715580562142976.000000 1.627753019 0.444652379 -1.680027127 0.015586901 -0.709919572 -0.215795487 0.670226514
1403715581962142976.000000 1.325546026 0.655765831 -2.175817490 0.059001736 -0.760028303 -0.298347861 0.574338078
1403715583512143104.000000 0.764333963 0.872125626 -2.622321606 0.049835924 -0.819871187 -0.230632737 0.521666706
1403715585062142976.000000 2.160442352 0.467336476 -1.687677383 0.009124972 -0.777669013 -0.367221743 0.510191858
1403715588062142976.000000 2.478576899 0.194280922 -1.468019247 0.012096625 -0.746678889 -0.220676124 0.627396464
1403715588562142976.000000 2.588043213 0.196315229 -1.115717411 0.045789652 -0.618535817 -0.157456815 0.768455684
1403715588912143104.000000 2.784685612 0.241274178 -0.832197189 -0.004020208 -0.512299836 -0.175638765 0.840644836
1403715589562142976.000000 2.899580240 0.112971887 -0.250818253 -0.078710660 -0.353164852 -0.170158848 0.916583478
1403715589962142976.000000 2.597117424 -0.263815254 0.193734199 0.010054912 -0.345401675 -0.130408540 0.929295599
1403715591212143104.000000 1.100886583 -1.196744323 1.050090909 0.037358627 -0.620612502 -0.251322627 0.741809547
1403715591862142976.000000 0.143908501 -1.348712921 1.039990067 0.063511312 -0.789698839 -0.330112636 0.513193607
1403715592212143104.000000 -0.338372469 -1.189454556 0.914305687 0.107276931 -0.845539391 -0.349630237 0.388990343
1403715592562142976.000000 -0.652835965 -1.033430576 0.604152203 0.141584799 -0.893461585 -0.349471122 0.244028792
1403715592912143104.000000 -0.699226916 -0.871209383 0.174796790 0.111698754 -0.924405694 -0.352217108 0.094554998
1403715593262142976.000000 -0.567106485 -0.692705929 -0.286502153 -0.038518809 0.936712861 0.342223048 0.062998384
1403715593912143104.000000 -0.170453548 -0.371857584 -1.018300295 -0.080808982 0.899822831 0.280377805 0.324310213
1403715594912143104.000000 0.841337085 -0.215079561 -1.281544924 -0.083586223 0.665266037 0.272809744 0.689934254
1403715596812143104.000000 2.214357376 -0.517318964 -0.793571711 -0.118615858 0.165021867 0.086600572 0.975293994
1403715597912143104.000000 2.045009613 -1.289835930 0.590380430 0.023643415 -0.017395975 0.024899432 0.999258935
1403715598412143104.000000 2.124763012 -1.522920489 1.198493361 0.100331180 -0.033376485 0.013921858 0.994296670
1403715599162142976.000000 2.243497610 -1.386405945 1.418436885 0.034348689 -0.017160408 0.006632225 0.999240577
1403715600012143104.000000 2.508476734 -0.919740975 1.263321996 0.024270251 -0.018174760 0.023046797 0.999274492
1403715600462142976.000000 2.683113575 -0.642030120 1.088511586 0.005764080 -0.077919401 -0.085908256 0.993234694
1403715600712143104.000000 2.635594130 -0.511533856 0.984430790 -0.026836433 -0.184946880 -0.079423353 0.979166210
1403715601412143104.000000 2.319823265 -0.560215890 0.735711873 0.017583609 -0.331793755 -0.144700691 0.932022274
1403715603712143104.000000 0.759885192 -0.194185480 -0.422368586 -0.012358667 0.013880111 0.054410174 0.998345733
1403715604362142976.000000 0.512761950 -0.103787541 -0.560474336 -0.029392816 0.026149569 0.033398878 0.998667538
1403715605362142976.000000 0.295753986 -0.115088172 -0.399769694 0.002830527 0.021685768 0.031834081 0.999253869
1403715606112143104.000000 0.158996657 -0.067443848 -0.189132020 0.008123991 0.014640385 0.018483171 0.999688983
1403715606362142976.000000 0.110343367 -0.033872873 -0.113753818 0.007583355 0.006074957 0.028940095 0.999533951
1403715606462142976.000000 0.092440255 -0.034586571 -0.088389017 0.008004114 0.002616803 0.032588348 0.999433398
1403715606562142976.000000 0.076310195 -0.041366469 -0.065891154 0.010012466 -0.001146534 0.035731759 0.999310613
1403715606712143104.000000 0.056093197 -0.047367483 -0.034179598 0.013222967 -0.008506658 0.043468017 0.998931110
1403715606812143104.000000 0.048166171 -0.046777494 -0.013000360 0.017021617 -0.013342437 0.049963109 0.998516858
1403715606962142976.000000 0.045507811 -0.037427943 0.015633736 0.030540900 -0.010265098 0.035506062 0.998849928
1403715607062142976.000000 0.047595888 -0.024778362 0.030812709 0.026813306 -0.006423210 0.022054084 0.999376535
1403715607262142976.000000 0.048781935 0.000456164 0.050007418 0.016909422 -0.005087608 0.011963462 0.999772549
1403715607462142976.000000 0.041845992 0.017796509 0.055408206 0.018046964 -0.004594794 0.011476371 0.999760747
1403715608262142976.000000 -0.012312020 0.061691582 0.043551978 0.011780252 -0.000807402 0.005638741 0.999914408
1403715609312143104.000000 -0.003797077 0.061376303 0.036474608 0.009899409 -0.001625447 0.005158102 0.999936402
