1403715537912143104.000000 -0.511386096 2.833587170 -2.667973757 -0.447924614 -0.649339616 -0.321397871 0.523855984
1403715540412143104.000000 -0.316216826 0.172532827 -2.814593077 -0.746271312 -0.408656508 -0.441322625 0.285155118
1403715540562142976.000000 -0.210281163 0.083702534 -2.767573357 -0.744929969 -0.424039930 -0.441499949 0.265230805
1403715541062142976.000000 0.271984249 -0.011784133 -2.655606270 -0.748321295 -0.401669830 -0.450132817 0.275784492
1403715541262142976.000000 0.519655287 0.016717214 -2.623758793 -0.744755924 -0.389124602 -0.455373883 0.294202834
1403715541862142976.000000 1.379344463 0.182749137 -2.573041916 -0.724659622 -0.425616473 -0.489120483 0.233410001
1403715541962142976.000000 1.520002604 0.239512593 -2.563419104 -0.710403204 -0.437195301 -0.504054666 0.223867178
1403715542662142976.000000 2.054124832 0.808445454 -2.488098621 -0.617446423 -0.487601340 -0.494386375 0.369576812
1403715542912143104.000000 2.112028122 0.942972541 -2.481843948 -0.619662106 -0.508135736 -0.466289073 0.374688596
1403715543312143104.000000 2.173068762 1.067027330 -2.534933805 -0.625451922 -0.493653238 -0.455116749 0.397473484
1403715543512143104.000000 2.208187819 1.083340764 -2.566613197 -0.622913420 -0.494523168 -0.464075327 0.389948487
1403715543662142976.000000 2.233420610 1.074892879 -2.588610172 -0.612716258 -0.492794603 -0.480682254 0.388171256
1403715543862142976.000000 2.256249666 1.025224447 -2.625584841 -0.603244960 -0.488725215 -0.515974462 0.361957908
1403715544162142976.000000 2.210937500 0.874159515 -2.713861227 -0.653379083 -0.442781180 -0.537680149 0.296547920
1403715544612143104.000000 1.977129221 0.578742325 -3.008937836 -0.760270834 -0.273468822 -0.549514830 0.212688774
1403715544762142976.000000 1.877737284 0.479011655 -3.068718672 -0.763155222 -0.247930646 -0.563863695 0.195402741
1403715544912143104.000000 1.766172767 0.376919270 -3.067043781 -0.760042191 -0.240615144 -0.573513210 0.188475177
1403715545212143104.000000 1.507342339 0.159525290 -3.013421774 -0.777652085 -0.230712399 -0.560516417 0.166884556
1403715545362142976.000000 1.370141268 0.050172195 -3.016956091 -0.787842572 -0.210717916 -0.558064818 0.153185517
1403715545462142976.000000 1.277022362 -0.020781379 -3.025754452 -0.793458462 -0.190928087 -0.555795252 0.158309132
1403715545612143104.000000 1.140700936 -0.129101366 -3.028099298 -0.799847841 -0.164553657 -0.550971448 0.172035143
1403715545762142976.000000 1.014077663 -0.249487624 -3.020186663 -0.801398396 -0.158360690 -0.548470318 0.178501874
1403715545912143104.000000 0.898254454 -0.383977562 -3.013123274 -0.797313869 -0.179065883 -0.548626184 0.176735297
1403715546062142976.000000 0.789001703 -0.525794148 -3.002859592 -0.785412788 -0.222606152 -0.548751473 0.180125520
1403715546162142976.000000 0.716982722 -0.619214535 -2.993516684 -0.774930000 -0.256555945 -0.543853939 0.194642097
1403715546312143104.000000 0.608780861 -0.756169021 -2.976754427 -0.755235851 -0.311273158 -0.529446423 0.228941873
1403715546462142976.000000 0.498028040 -0.890594900 -2.955800533 -0.731603265 -0.366813540 -0.508708656 0.267245173
1403715546762142976.000000 0.279502004 -1.154628754 -2.913625240 -0.675784230 -0.487790257 -0.447922647 0.323638141
1403715546912143104.000000 0.175472230 -1.272647381 -2.898627996 -0.650378048 -0.542633295 -0.402700841 0.346971899
1403715547062142976.000000 0.079691574 -1.369472980 -2.880180359 -0.606504202 -0.596669018 -0.379830152 0.363136053
1403715547212143104.000000 -0.018120714 -1.441190839 -2.861315489 -0.560107470 -0.641221285 -0.356789023 0.384469032
1403715547362142976.000000 -0.123090893 -1.488018632 -2.842207193 -0.514596224 -0.679478347 -0.334583282 0.401937932
1403715547512143104.000000 -0.240623608 -1.512300253 -2.828879118 -0.480944395 -0.711503804 -0.302710831 0.413304985
1403715547662142976.000000 -0.376992524 -1.512362957 -2.820149183 -0.440054774 -0.742398560 -0.273205221 0.424917877
1403715547812143104.000000 -0.535867870 -1.486861229 -2.811174631 -0.395111173 -0.769339383 -0.246644691 0.437230498
1403715547912143104.000000 -0.655700445 -1.456194639 -2.804838657 -0.365576714 -0.781613529 -0.230050653 0.450011909
1403715548062142976.000000 -0.854255915 -1.393246293 -2.794147730 -0.329473317 -0.782682538 -0.214432746 0.482570201
1403715548162142976.000000 -0.994381666 -1.344809890 -2.787636518 -0.310572892 -0.777173877 -0.215391651 0.503141880
1403715548262142976.000000 -1.137908220 -1.295181513 -2.783501387 -0.297511399 -0.772577167 -0.220292360 0.515832126
1403715548362142976.000000 -1.284217477 -1.246944547 -2.786714315 -0.292237997 -0.769766748 -0.223374456 0.521689653
1403715548462142976.000000 -1.432085991 -1.201265216 -2.802764177 -0.291995645 -0.768997312 -0.225945994 0.521852553
1403715548862142976.000000 -2.033467770 -1.046519518 -2.890257597 -0.316129684 -0.759792030 -0.221055865 0.523366451
1403715548962142976.000000 -2.184368610 -1.010429025 -2.909360886 -0.318821281 -0.757487595 -0.221083626 0.525059640
1403715549062142976.000000 -2.335473776 -0.976339757 -2.927904367 -0.313945115 -0.757352412 -0.218596205 0.529217899
1403715549162142976.000000 -2.485957146 -0.944419503 -2.942731380 -0.303438187 -0.753756940 -0.216245130 0.541307509
1403715549462142976.000000 -2.903248787 -0.874543011 -2.979186296 -0.290493548 -0.741118670 -0.194415227 0.573201001
1403715549562142976.000000 -3.024058104 -0.859470725 -2.993675709 -0.296530545 -0.745513082 -0.177679434 0.569833279
1403715549862142976.000000 -3.319354773 -0.789685786 -3.030839205 -0.343621314 -0.735525787 -0.163979352 0.560390055
1403715549962142976.000000 -3.393589735 -0.750306249 -3.038660288 -0.371808589 -0.721602678 -0.167443186 0.559473693
1403715550112143104.000000 -3.474597454 -0.672822535 -3.046545267 -0.419541240 -0.701954961 -0.183798343 0.545401394
1403715550212143104.000000 -3.505671501 -0.607903957 -3.041994333 -0.444003850 -0.692421854 -0.210592017 0.528264701
1403715550312143104.000000 -3.520889997 -0.534334958 -3.023322821 -0.466862947 -0.682710826 -0.236492962 0.509917676
1403715550412143104.000000 -3.522639275 -0.452699751 -2.990339041 -0.486897439 -0.669248998 -0.264640987 0.494976699
1403715550512143104.000000 -3.514110804 -0.365044206 -2.953324318 -0.506072640 -0.653437495 -0.294667482 0.479667753
1403715550612143104.000000 -3.498726845 -0.274640590 -2.922655106 -0.529516339 -0.634308279 -0.317143023 0.465495259
1403715550712143104.000000 -3.478171825 -0.182776317 -2.905416965 -0.556755424 -0.609498620 -0.332894355 0.455758929
1403715550862142976.000000 -3.435301304 -0.043010253 -2.903880119 -0.600579023 -0.566749156 -0.345976561 0.445421755
1403715551012143104.000000 -3.368525028 0.097974688 -2.923129559 -0.638963342 -0.524757445 -0.361813515 0.430635035
1403715551162142976.000000 -3.266461134 0.239175081 -2.925932646 -0.664541841 -0.490528703 -0.393569291 0.403570294
1403715551312143104.000000 -3.131816149 0.376455814 -2.900960207 -0.693373382 -0.446266532 -0.414554864 0.384998500
1403715551462142976.000000 -2.966662169 0.503391802 -2.868643999 -0.721291482 -0.397573084 -0.433497787 0.365723848
1403715551612143104.000000 -2.771315575 0.614187837 -2.836707592 -0.738709688 -0.355144054 -0.464677095 0.335046321
1403715551762142976.000000 -2.552538872 0.703168631 -2.802126169 -0.743766189 -0.315135211 -0.508502543 0.298206061
1403715551912143104.000000 -2.327260494 0.765567601 -2.768876314 -0.745701313 -0.264421135 -0.546546698 0.274404436
1403715552062142976.000000 -2.108035326 0.795941830 -2.737873793 -0.749479890 -0.225677520 -0.577404559 0.232279226
1403715552212143104.000000 -1.907649159 0.796543539 -2.712501049 -0.759664416 -0.189909577 -0.592484951 0.189224437
1403715552362142976.000000 -1.732065439 0.774301827 -2.688055754 -0.758988440 -0.148142859 -0.616596699 0.147644520
1403715552662142976.000000 -1.487120032 0.677540421 -2.652271748 -0.764188290 -0.034069013 -0.639884055 0.073511794
1403715552812143104.000000 -1.425053000 0.606578052 -2.643308640 0.767955601 -0.036367953 0.638250470 -0.039472021
1403715552962142976.000000 -1.403281927 0.517879665 -2.643633366 0.772349179 -0.110310592 0.625490189 -0.008392325
1403715554512143104.000000 -2.816094875 -0.854613185 -2.880060434 0.793517351 -0.300738901 0.438120693 0.296541154
1403715554612143104.000000 -2.874949932 -0.942771077 -2.911473274 0.790845931 -0.236066595 0.439954072 0.353943139
1403715554712143104.000000 -2.905311823 -1.008337975 -2.953497410 0.784273207 -0.190570027 0.440079868 0.393609464
1403715554962142976.000000 -2.815722942 -0.983449221 -3.039563417 0.757266045 -0.162868455 0.472260207 0.420704633
1403715556162142976.000000 -1.787951708 0.275305182 -2.659541607 0.733745575 -0.393478423 0.540395260 0.121511512
1403715556662142976.000000 -1.888633132 0.161525145 -2.478563547 0.757173717 -0.331953883 0.530840337 0.186288029
1403715557012143104.000000 -2.019262314 -0.030360807 -2.516073465 0.778508067 -0.301038235 0.507345617 0.214246869
1403715557262142976.000000 -2.062988281 -0.182336614 -2.554236412 0.795440793 -0.324567378 0.478453457 0.181692719
1403715558162142976.000000 -1.775959969 -1.055878520 -2.567213058 0.762169957 -0.331039190 0.509846866 0.222634658
1403715558662142976.000000 -1.456199646 -1.531293035 -2.453532219 0.727847755 -0.315239668 0.554693997 0.251349032
1403715558812143104.000000 -1.363048315 -1.642463088 -2.464105844 0.727096081 -0.307949066 0.561060309 0.248415306
1403715558912143104.000000 -1.306280017 -1.704486251 -2.471666098 0.733660936 -0.292208284 0.561276495 0.247638196
1403715559162142976.000000 -1.184827805 -1.802492857 -2.478112698 0.750459254 -0.241661265 0.570522249 0.230032921
1403715560312143104.000000 -0.756790519 -1.422794223 -2.675655842 0.828007221 -0.047933012 0.554714978 0.066314705
1403715560712143104.000000 -0.516075909 -1.093289614 -2.663807392 -0.829027116 -0.028150611 -0.558467329 0.005995723
1403715561062142976.000000 -0.273045003 -0.770920694 -2.648456335 -0.819694698 -0.126666829 -0.556051552 0.053505551
1403715561362142976.000000 -0.056981519 -0.457484514 -2.642351389 -0.811382353 -0.170383692 -0.542850316 0.133946091
1403715561812143104.000000 0.293493778 -0.015663132 -2.626432657 -0.769169927 -0.256907672 -0.558834434 0.173436716
1403715562062142976.000000 0.451894403 0.220909342 -2.604829550 -0.728694856 -0.303279966 -0.575474799 0.214135334
1403715562312143104.000000 0.536819994 0.423245579 -2.575772047 -0.702265978 -0.334305942 -0.588625073 0.220414504
1403715562512143104.000000 0.534703791 0.563957155 -2.561046600 -0.715210915 -0.363945156 -0.564879239 0.192168623
1403715562912143104.000000 0.366437137 0.897823870 -2.537351131 -0.726335466 -0.379267782 -0.512722075 0.256337613
1403715563962142976.000000 -0.408426464 1.582324028 -2.646678686 -0.488159835 -0.610946715 -0.408890396 0.470375180
1403715564162142976.000000 -0.601393223 1.586107254 -2.753284454 -0.451696277 -0.643798649 -0.335446239 0.518622756
1403715564962142976.000000 -1.094526649 1.333415866 -2.756848335 -0.142373696 -0.800892353 -0.128042132 0.567367911
1403715565812143104.000000 -1.364006519 0.830046773 -2.420618773 0.161033168 -0.774973035 0.121580198 0.598918557
1403715566012143104.000000 -1.332087994 0.719608068 -2.359386683 0.257866532 -0.753202558 0.192184731 0.573808193
1403715566212143104.000000 -1.268717289 0.628651917 -2.299650669 0.351066411 -0.716364622 0.257701069 0.545127809
1403715566412143104.000000 -1.180011749 0.565809131 -2.246359587 0.434654057 -0.669600129 0.317555130 0.511732638
1403715566862142976.000000 -0.910231590 0.529559731 -2.250218868 0.582286119 -0.540485084 0.431312472 0.427537471
1403715567062142976.000000 -0.762763917 0.574825585 -2.264058113 0.646368384 -0.465787530 0.482881993 0.363421023
1403715567462142976.000000 -0.474938035 0.764407992 -2.306472063 0.770129263 -0.270231336 0.543592989 0.195914939
1403715567662142976.000000 -0.345544755 0.881178081 -2.369974852 0.805694163 -0.158396125 0.557329714 0.123090871
1403715567862142976.000000 -0.220551357 1.010919571 -2.455532074 0.812420428 -0.049310982 0.578807294 0.050235640
1403715568112143104.000000 -0.083985001 1.192682505 -2.554744959 -0.801418900 -0.083633684 -0.591279745 0.033486813
1403715568362142976.000000 0.005002890 1.397730231 -2.640809059 -0.775480747 -0.197924346 -0.586944818 0.122275919
1403715568562142976.000000 0.033202171 1.565525532 -2.696978092 -0.747776806 -0.283552170 -0.570265532 0.187684178
1403715568762142976.000000 0.019688297 1.727772474 -2.732035160 -0.712624907 -0.366982847 -0.544841945 0.246245041
1403715568962142976.000000 -0.030972790 1.879529834 -2.754420519 -0.677081645 -0.442296326 -0.507630229 0.297062337
1403715569212143104.000000 -0.130015597 2.051357269 -2.783259153 -0.634453595 -0.515924811 -0.458101302 0.348473042
1403715569412143104.000000 -0.224511772 2.179425955 -2.798851252 -0.590630233 -0.544265747 -0.445529342 0.395517886
1403715569662142976.000000 -0.360472500 2.305500984 -2.810263872 -0.539643645 -0.586172223 -0.428215861 0.426401258
1403715569912143104.000000 -0.524807930 2.375394106 -2.816558838 -0.487377137 -0.637111962 -0.380113065 0.460506320
1403715570162142976.000000 -0.709528565 2.392448425 -2.818070412 -0.412707150 -0.681789398 -0.331323713 0.505035281
1403715570562142976.000000 -1.003734946 2.295340061 -2.834103346 -0.264919192 -0.742477119 -0.230550900 0.570431292
1403715570762142976.000000 -1.124162555 2.180929184 -2.855903149 -0.184115246 -0.774029136 -0.165281013 0.582805932
1403715571812143104.000000 -1.367551327 1.347519159 -3.029298306 -0.076038353 -0.838620663 0.059559710 0.536084294
1403715572012143104.000000 -1.394731045 1.267606616 -3.105357647 -0.099226251 -0.864692092 0.083031513 0.485353112
1403715572212143104.000000 -1.500289559 1.287325621 -3.159961939 -0.057280939 -0.879256248 0.033484571 0.471705645
1403715572412143104.000000 -1.695342541 1.342398882 -3.197257042 0.032215618 -0.839439034 -0.021401906 0.542075872
1403715572612143104.000000 -1.912727594 1.361058474 -3.245164156 0.087745413 -0.807997108 -0.003107310 0.582607746
1403715573012143104.000000 -2.274536371 1.253827095 -3.294785500 0.181026950 -0.792379260 0.092456847 0.575166225
1403715573212143104.000000 -2.414560556 1.153942108 -3.252441645 0.225674912 -0.778629303 0.146646649 0.566835165
1403715573412143104.000000 -2.531576395 1.050363302 -3.206085205 0.273230970 -0.768053949 0.197042078 0.544621468
1403715573612143104.000000 -2.642463207 0.954907238 -3.167227983 0.315589756 -0.757092655 0.248215511 0.515366673
1403715573812143104.000000 -2.760698318 0.869113922 -3.129010439 0.382271290 -0.737872899 0.259107888 0.492214859
1403715574012143104.000000 -2.882758617 0.772481918 -3.092237711 0.447981536 -0.715026498 0.281032711 0.457242042
1403715574212143104.000000 -3.009193420 0.643180132 -3.050936937 0.509360969 -0.675551116 0.322763979 0.424270540
1403715574412143104.000000 -3.138987780 0.484976977 -3.003846407 0.566433966 -0.604521573 0.353799582 0.434202969
1403715574612143104.000000 -3.243904829 0.316530555 -2.970469713 0.604557693 -0.563015819 0.358035207 0.435125321
1403715574762142976.000000 -3.288843393 0.187252700 -2.953366995 0.623725474 -0.548446119 0.363954574 0.421557307
1403715574962142976.000000 -3.302520990 0.006730343 -2.929517984 0.620328307 -0.550793231 0.394959688 0.394748539
1403715575112143104.000000 -3.293334484 -0.132285222 -2.902630091 0.611189365 -0.545521975 0.411564410 0.399334639
1403715575262142976.000000 -3.274714947 -0.265062869 -2.869681120 0.594488144 -0.530088484 0.429056764 0.426028609
1403715575412143104.000000 -3.245005369 -0.377240062 -2.844816208 0.593099892 -0.539475918 0.418130159 0.427042782
1403715575562142976.000000 -3.201801777 -0.471927404 -2.817493200 0.597196043 -0.546196222 0.396887124 0.433021069
1403715575712143104.000000 -3.138246775 -0.555016458 -2.780713081 0.598068774 -0.534101188 0.379248381 0.461757779
1403715575862142976.000000 -3.040575743 -0.625339031 -2.746750355 0.597144485 -0.537093341 0.369107723 0.467663050
1403715576012143104.000000 -2.906826258 -0.682258844 -2.717817783 0.586702108 -0.555318654 0.380955637 0.449749529
1403715576162142976.000000 -2.749072313 -0.729336143 -2.691580296 0.576620102 -0.568375468 0.394649059 0.434408575
1403715576312143104.000000 -2.580644131 -0.769828439 -2.666610718 0.570569873 -0.571157098 0.404771119 0.429406524
1403715576462142976.000000 -2.407233953 -0.801113963 -2.634734869 0.561263859 -0.558044851 0.420686573 0.443386674
1403715576612143104.000000 -2.228823900 -0.811915100 -2.598995924 0.549743652 -0.545915663 0.432025939 0.461640209
1403715576812143104.000000 -1.982107759 -0.777024746 -2.554177046 0.545516789 -0.558103025 0.417046934 0.465837181
1403715576962142976.000000 -1.788055539 -0.717600942 -2.522496223 0.547710001 -0.581702769 0.394079268 0.454243511
1403715577112143104.000000 -1.587783933 -0.643501818 -2.490662098 0.532733679 -0.605711699 0.391511738 0.442749202
1403715577262142976.000000 -1.390044451 -0.562404394 -2.472597361 0.513387144 -0.625292242 0.392066509 0.437866718
1403715577412143104.000000 -1.199850917 -0.478127390 -2.499045849 0.507799506 -0.629534423 0.383497298 0.445820481
1403715577562142976.000000 -1.015118361 -0.387346476 -2.542382240 0.506934285 -0.630438805 0.376522273 0.451437145
1403715577712143104.000000 -0.835461318 -0.290558338 -2.564042330 0.505138695 -0.633708358 0.375513792 0.449708879
1403715577862142976.000000 -0.663506329 -0.189118266 -2.566874981 0.494260609 -0.643094242 0.383491427 0.441668034
1403715578062142976.000000 -0.458713412 -0.043680839 -2.613138914 0.466145009 -0.671109498 0.382127732 0.431624144
1403715578662142976.000000 -0.187874660 0.418514401 -2.905893326 0.376372665 -0.778328598 0.234548256 0.444449633
1403715578812143104.000000 -0.194346696 0.499440014 -2.979367495 0.371435314 -0.800520897 0.196256340 0.427417219
1403715578912143104.000000 -0.215843424 0.526940346 -3.022586346 0.366761565 -0.802849710 0.186407804 0.431474835
1403715579012143104.000000 -0.251319766 0.530405700 -3.057159424 0.368544877 -0.789159179 0.178820476 0.457630664
1403715579212143104.000000 -0.335602194 0.470739901 -3.091036797 0.389839113 -0.739761710 0.150225073 0.527456701
1403715579362142976.000000 -0.373171568 0.373561621 -3.096876621 0.390935689 -0.720853329 0.147637635 0.552940369
1403715579512143104.000000 -0.373946130 0.241977900 -3.108949900 0.383240223 -0.729436040 0.156387568 0.544603527
1403715579662142976.000000 -0.344433963 0.079843283 -3.120590448 0.372633666 -0.739115000 0.175453290 0.532981634
1403715579812143104.000000 -0.295997679 -0.106706485 -3.118976593 0.367302746 -0.734643877 0.191985831 0.537148595
1403715580162142976.000000 -0.115769856 -0.589000106 -3.076677322 0.320047826 -0.746686161 0.196822003 0.548899233
1403715580512143104.000000 0.118808232 -1.069988251 -3.113130569 0.210763499 -0.782770514 0.177024588 0.558132052
1403715580662142976.000000 0.223913163 -1.258286715 -3.126191139 0.170189738 -0.798760951 0.178961471 0.548624873
1403715580862142976.000000 0.344752491 -1.473625422 -3.140803099 0.126906753 -0.816796184 0.195988640 0.527567267
1403715581012143104.000000 0.405194312 -1.593386889 -3.145568132 0.104252778 -0.829028845 0.211409897 0.507098079
1403715581262142976.000000 0.412909031 -1.694919109 -3.133969069 0.121704303 -0.835978687 0.177907348 0.504655063
1403715581562142976.000000 0.294887334 -1.721274137 -3.111603498 0.184275374 -0.808959007 0.166843191 0.532720745
1403715581762142976.000000 0.182132259 -1.721834064 -3.134680748 0.265645623 -0.780544758 0.159868166 0.542793155
1403715582362142976.000000 -0.055222414 -1.834066153 -3.119692326 0.387100637 -0.706714451 0.262493730 0.530852914
1403715582512143104.000000 -0.080117397 -1.861101031 -3.135921717 0.400594711 -0.718048871 0.253069848 0.509789646
1403715582812143104.000000 -0.112116039 -1.943554640 -3.116351366 0.399969697 -0.739255190 0.235922888 0.487715572
1403715583262142976.000000 -0.180973887 -2.208405733 -3.194336653 0.370909512 -0.744495332 0.236362889 0.502280354
1403715583562142976.000000 -0.238831639 -2.438827753 -3.266039610 0.331022829 -0.698407352 0.290777922 0.564002872
1403715583712143104.000000 -0.246019095 -2.511565685 -3.299477100 0.314928770 -0.656969607 0.314303577 0.608624816
1403715583862142976.000000 -0.217187330 -2.526724815 -3.329966784 -0.305058628 0.623550713 -0.329744011 -0.639838040
1403715584012143104.000000 -0.134199530 -2.460641861 -3.329637527 -0.301244944 0.628842890 -0.341451168 -0.630253255
1403715584312143104.000000 0.143326581 -2.092450619 -3.225171804 0.325830728 -0.717614472 0.321991891 0.524580956
1403715584462142976.000000 0.284562141 -1.847862959 -3.184501410 0.343926460 -0.748332918 0.299034387 0.481965750
1403715584612143104.000000 0.403658271 -1.597809792 -3.170091152 0.355036080 -0.758907318 0.283509225 0.466509998
1403715584812143104.000000 0.516904354 -1.280269027 -3.143713951 0.380748421 -0.758377910 0.246291131 0.468224704
1403715585012143104.000000 0.596377969 -1.006139398 -3.110813856 0.399193078 -0.763015807 0.212195501 0.461979210
1403715585712143104.000000 0.676925838 -0.643005669 -2.984585762 0.399927288 -0.740236402 0.222644016 0.492481321
1403715585862142976.000000 0.679751039 -0.655424356 -2.991124868 0.396062374 -0.742758214 0.230678901 0.488090307
1403715586112143104.000000 0.671438575 -0.707983613 -3.057023525 0.356026620 -0.753361702 0.282364219 0.475354224
1403715586762142976.000000 0.592533946 -0.770772099 -3.055171251 0.369529992 -0.704623520 0.261301577 0.546511471
1403715587612143104.000000 0.770437062 -0.693843305 -2.977593184 0.340819687 -0.734178126 0.291923523 0.509514630
1403715587912143104.000000 0.795467794 -0.594514310 -2.934848785 0.277242154 -0.769781470 0.258490294 0.513571918
1403715588112143104.000000 0.774091899 -0.487835497 -2.905259609 0.222994596 -0.773573697 0.202121362 0.557677388
1403715588312143104.000000 0.757109523 -0.356543511 -2.933640242 0.159251824 -0.775915742 0.152106687 0.591149151
1403715588512143104.000000 0.768254340 -0.203371376 -3.010092735 0.098089397 -0.784379482 0.107156023 0.603029847
1403715588712143104.000000 0.811382174 -0.027876750 -3.084198952 0.043310080 -0.801220298 0.065031044 0.593246341
1403715588912143104.000000 0.873048782 0.161016732 -3.162050247 -0.001601421 -0.832695782 0.012586567 0.553585529
1403715589112143104.000000 0.913486838 0.347554624 -3.232685566 -0.047016595 -0.856410801 -0.033454772 0.513060331
1403715589412143104.000000 0.852151036 0.608085155 -3.243682623 -0.109570883 -0.863604546 -0.073964335 0.486529201
1403715589612143104.000000 0.717540503 0.780641556 -3.212270260 -0.143917754 -0.866918027 -0.093981221 0.467876524
1403715589812143104.000000 0.486300588 0.962494671 -3.125225306 -0.149786070 -0.846229553 -0.110970959 0.499144495
1403715590012143104.000000 0.192366809 1.141989589 -2.999856949 -0.144781351 -0.807582080 -0.116222054 0.559769630
1403715590212143104.000000 -0.102572635 1.302278757 -2.897477150 -0.135678813 -0.804651320 -0.117590278 0.565950572
1403715590512143104.000000 -0.543083191 1.484701276 -2.764251471 -0.066457823 -0.819779456 -0.116577104 0.556735873
1403715590812143104.000000 -1.010719180 1.548905492 -2.650033951 0.012489250 -0.832213223 -0.038327117 0.552988470
1403715591062142976.000000 -1.409880161 1.530690670 -2.555865288 0.093870156 -0.821682394 0.036125969 0.561000466
1403715591312143104.000000 -1.797821522 1.470077753 -2.475444078 0.208552301 -0.805916071 0.083035789 0.547823131
1403715591562142976.000000 -2.164088726 1.344716191 -2.412551641 0.308895200 -0.777330041 0.139971435 0.529858351
1403715591812143104.000000 -2.500037909 1.153007627 -2.414549351 0.386524200 -0.740232229 0.200505897 0.512301445
1403715592062142976.000000 -2.793042898 0.910143137 -2.494120359 0.464424431 -0.692520022 0.233734295 0.500094235
1403715592312143104.000000 -3.000456333 0.610396564 -2.581234455 0.536356151 -0.622888088 0.281631529 0.494991213
1403715592562142976.000000 -3.072520733 0.277309567 -2.598593473 0.606117189 -0.551817060 0.323721766 0.472571909
1403715592912143104.000000 -2.923660755 -0.174754277 -2.609655619 0.677459061 -0.472559571 0.403488934 0.393615872
1403715593162142976.000000 -2.690918207 -0.468935013 -2.619129181 0.704879165 -0.428331763 0.479922891 0.298917115
1403715593412143104.000000 -2.447284460 -0.749204993 -2.629554510 0.748333812 -0.337745190 0.506997466 0.262446761
1403715593712143104.000000 -2.126574993 -1.035853982 -2.637791395 0.778199673 -0.224467084 0.541002035 0.226576030
1403715594212143104.000000 -1.558706641 -1.245487571 -2.654406309 0.817276120 -0.057170410 0.564642847 0.099848643
1403715594712143104.000000 -1.008538485 -1.146638751 -2.653799534 -0.821814835 -0.127148256 -0.555381119 0.002342477
1403715595212143104.000000 -0.430949390 -0.748810768 -2.670259476 -0.805453658 -0.273411334 -0.498216212 0.168140784
1403715595712143104.000000 0.250254512 -0.222421095 -2.692855597 -0.671934307 -0.443480074 -0.521585703 0.282450348
1403715596012143104.000000 0.535881996 0.066391729 -2.682760954 -0.544271946 -0.513522148 -0.570350170 0.338768005
1403715596512143104.000000 0.478088289 0.127836019 -2.562345505 -0.587094843 -0.588972747 -0.430814773 0.350470364
1403715596862142976.000000 0.234943897 0.133506685 -2.459104061 -0.598389447 -0.652160704 -0.319564104 0.338371634
1403715597162142976.000000 -0.001323149 0.365694225 -2.381569624 -0.581997633 -0.672826290 -0.292724609 0.350565195
1403715597462142976.000000 -0.247552872 0.805580914 -2.301921606 -0.528989792 -0.642786324 -0.320830375 0.451733738
1403715597762142976.000000 -0.458833128 1.272956491 -2.247098923 -0.457088441 -0.669892251 -0.311196119 0.495450914
1403715598062142976.000000 -0.623451471 1.703071713 -2.210741520 -0.417550385 -0.682305157 -0.302971214 0.517995954
1403715598362142976.000000 -0.747269750 2.068367481 -2.219279766 -0.395599782 -0.661908567 -0.324131668 0.548011482
1403715598662142976.000000 -0.796772420 2.289481401 -2.268165827 -0.390561551 -0.628814042 -0.336411059 0.582135856
1403715598962142976.000000 -0.744425237 2.329741955 -2.346115589 -0.416558176 -0.677443326 -0.316270173 0.517226398
1403715599262142976.000000 -0.668365240 2.293028593 -2.454916477 -0.425758421 -0.686705828 -0.304960668 0.504146755
1403715599562142976.000000 -0.578298092 2.229348660 -2.592712164 -0.450305134 -0.675592601 -0.269674689 0.517760158
1403715599812143104.000000 -0.451310873 2.188918114 -2.696814775 -0.444166631 -0.663604498 -0.279984683 0.532873094
1403715600062142976.000000 -0.271708220 2.139413357 -2.800926208 -0.428441733 -0.689031780 -0.306500733 0.497725040
1403715600312143104.000000 -0.109970510 2.068291664 -2.903354645 -0.369338363 -0.729725897 -0.328287810 0.472563654
1403715600612143104.000000 -0.028193165 1.925945640 -3.030999660 -0.312948912 -0.778695703 -0.238681883 0.488596946
1403715600862142976.000000 -0.043285247 1.799183726 -3.085938692 -0.241033062 -0.805182815 -0.170154721 0.514423132
1403715601362142976.000000 -0.216175437 1.573432803 -2.956028700 -0.142750800 -0.815330446 -0.137279406 0.544070661
1403715601662142976.000000 -0.376695812 1.406700134 -2.843472004 -0.144339353 -0.813214481 -0.124832138 0.549786687
1403715602012143104.000000 -0.592115402 1.178553820 -2.732011080 -0.159126893 -0.784306884 -0.136392891 0.583899260
1403715602312143104.000000 -0.731511712 0.950716436 -2.668271065 -0.214877874 -0.753490984 -0.167588189 0.598325312
1403715602612143104.000000 -0.793075621 0.692067742 -2.632591724 -0.286149055 -0.764536977 -0.204945236 0.539999485
1403715602912143104.000000 -0.841933966 0.430036902 -2.666512012 -0.346559286 -0.744439423 -0.257737458 0.509193599
1403715603212143104.000000 -0.915946126 0.164876193 -2.792475939 -0.406850904 -0.715158045 -0.296672434 0.484775126
1403715603462142976.000000 -1.005740643 -0.050736539 -2.897505760 -0.448288471 -0.699084580 -0.308683306 0.463716418
1403715603712143104.000000 -1.119400978 -0.242834508 -2.977157593 -0.480669707 -0.674919546 -0.292880595 0.477138519
1403715603962142976.000000 -1.207899690 -0.392735332 -3.016052008 -0.503226280 -0.669336855 -0.267093480 0.476878017
1403715604212143104.000000 -1.251955152 -0.472669572 -3.018472433 -0.486465663 -0.688417315 -0.290948331 0.452528358
1403715604462142976.000000 -1.293612361 -0.496560752 -3.035829544 -0.477031350 -0.688896179 -0.305804372 0.452047586
1403715604862142976.000000 -1.387182474 -0.479934782 -3.071449757 -0.465956211 -0.676608622 -0.323102236 0.469777107
1403715605112143104.000000 -1.456724405 -0.464386791 -3.085622787 -0.465903550 -0.680323124 -0.320971191 0.465909749
1403715605312143104.000000 -1.520604730 -0.445837379 -3.083613396 -0.463229686 -0.677303910 -0.319117695 0.474174649
1403715605512143104.000000 -1.585298896 -0.423449785 -3.091005564 -0.466577977 -0.674029827 -0.307622015 0.483070880
1403715605762142976.000000 -1.653712392 -0.388838798 -3.141108036 -0.461961001 -0.678366005 -0.309276849 0.480374366
1403715606012143104.000000 -1.712609410 -0.344480485 -3.183874846 -0.452907562 -0.680522919 -0.319035858 0.479561806
1403715606262142976.000000 -1.775772214 -0.303518653 -3.249671221 -0.451384455 -0.680648565 -0.314914793 0.483526856
1403715606712143104.000000 -1.883611321 -0.239692941 -3.288735628 -0.454864323 -0.674560189 -0.293281257 0.502049029
1403715606912143104.000000 -1.908197999 -0.210616052 -3.309264421 -0.447957933 -0.670001328 -0.296524107 0.512352765
1403715607112143104.000000 -1.913008928 -0.190274402 -3.337870836 -0.435127228 -0.680584967 -0.312325925 0.499920905
1403715607312143104.000000 -1.916285992 -0.183879912 -3.364962816 -0.433797687 -0.686994672 -0.312559426 0.492102116
1403715607512143104.000000 -1.921459794 -0.189901486 -3.381129980 -0.433695138 -0.686309993 -0.314107567 0.492162198
1403715607712143104.000000 -1.931473613 -0.208101586 -3.388163567 -0.435475737 -0.686326146 -0.315894872 0.489415854
1403715608012143104.000000 -1.948085189 -0.236696362 -3.408593655 -0.432377517 -0.690738201 -0.316720396 0.485405713
1403715608412143104.000000 -1.945842862 -0.235956669 -3.413035393 -0.433472931 -0.691039205 -0.315056235 0.485083073
1403715608812143104.000000 -1.946030855 -0.237201586 -3.413645744 -0.433961093 -0.690741479 -0.314514428 0.485422283
1403715608912143104.000000 -1.945692182 -0.237510055 -3.413573265 -0.434091002 -0.690840602 -0.314370722 0.485257953
1403715609212143104.000000 -1.944852948 -0.239829570 -3.412333965 -0.434249878 -0.690627754 -0.314326853 0.485447258
