1403715277862142976.000000 -2.949595928 0.790183961 3.107023478 -0.638594985 -0.531628728 -0.427375704 0.356254816
1403715278912143104.000000 -2.951679468 0.854306817 3.199494362 -0.630519748 -0.512117326 -0.445548475 0.376387000
1403715279162142976.000000 -2.953165054 0.890653610 3.246251345 -0.628925204 -0.513256252 -0.447744370 0.374894917
1403715279412143104.000000 -2.954319000 0.914535582 3.227269888 -0.630952537 -0.514968395 -0.444320112 0.373210579
1403715281312143104.000000 -2.962609529 1.147594571 3.443096876 -0.705236733 -0.421017915 -0.486724168 0.297463745
1403715282112143104.000000 -2.955616951 1.322654605 3.426135063 -0.779419065 -0.269328743 -0.534533679 0.185045451
1403715283912143104.000000 -2.846694946 1.873166561 3.200595856 0.818660319 -0.056207735 0.570895791 0.026723454
1403715284362142976.000000 -2.805806398 1.967111349 3.155019045 0.823929489 -0.065202385 0.562873483 0.007891456
1403715285262142976.000000 -2.669158697 2.027372360 3.129113197 0.803599834 -0.111462988 0.581821561 0.057333611
1403715285562142976.000000 -2.662848234 2.033553600 3.202617645 0.812777042 -0.147820354 0.559956670 0.063176461
1403715285762142976.000000 -2.655377150 2.018759727 3.281043291 0.811992943 -0.154921830 0.558892667 0.065616541
1403715286562142976.000000 -2.554160833 1.847302794 3.496913433 0.814230859 -0.142204583 0.554891825 0.094345428
1403715286762142976.000000 -2.506463051 1.798877597 3.531265020 0.803548574 -0.155055434 0.564885080 0.105699837
1403715288612143104.000000 -2.144501448 1.497434020 3.715241909 0.740069091 -0.338996977 0.537210524 0.220870167
1403715288912143104.000000 -2.150742769 1.447855473 3.748206139 0.744464755 -0.334424168 0.530583978 0.228939861
1403715289512143104.000000 -2.176289797 1.359331965 3.597759962 0.726690292 -0.385256201 0.499087125 0.272783667
1403715289912143104.000000 -2.147482157 1.307125449 3.466355324 0.710558951 -0.420795321 0.485319883 0.287231386
1403715290212143104.000000 -2.092025280 1.262965560 3.463975906 0.717521846 -0.409010202 0.488580406 0.281358063
1403715291012143104.000000 -1.828565121 1.079844356 3.535491943 0.711276054 -0.411088169 0.504799664 0.265085518
1403715291412143104.000000 -1.709502935 0.964794874 3.527851582 0.688380301 -0.443026304 0.510108292 0.263912588
1403715291812143104.000000 -1.671413422 0.819892049 3.487003088 0.680696547 -0.469313711 0.486486822 0.282360494
1403715292112143104.000000 -1.666216493 0.679149151 3.450218916 0.687860489 -0.462040961 0.469960958 0.304142773
1403715292312143104.000000 -1.649449825 0.578308642 3.422715187 0.701954305 -0.442780375 0.474554271 0.293264359
1403715292462142976.000000 -1.627266049 0.499632984 3.404177189 0.719822645 -0.415511817 0.480889142 0.279196799
1403715295412143104.000000 -1.250178933 -0.326999038 3.486586094 -0.797079146 -0.166564211 -0.567029119 0.124093615
1403715296912143104.000000 -1.316957235 -0.642219067 3.297388554 -0.750613928 -0.334729761 -0.520774424 0.230930358
1403715297362142976.000000 -1.235152483 -0.722879648 3.271203756 -0.733708978 -0.404104143 -0.465915591 0.285120398
1403715300212143104.000000 -0.834482610 -0.404183239 3.321646690 -0.406208724 -0.703349888 -0.292025715 0.504989624
1403715300812143104.000000 -0.841938972 -0.219577104 3.339097500 -0.399479717 -0.696838617 -0.283216774 0.524042249
1403715301012143104.000000 -0.816436112 -0.192353323 3.342702150 -0.396570712 -0.697327495 -0.297893763 0.517421842
1403715301762142976.000000 -0.710574150 -0.323451102 3.296217680 -0.413798362 -0.702379763 -0.290909052 0.500804961
1403715302262142976.000000 -0.658476591 -0.526147544 3.250009298 -0.415702254 -0.707417548 -0.309501827 0.480583787
1403715304062142976.000000 -1.040338278 -0.960527122 3.191770554 -0.229571790 -0.777144015 -0.152853101 0.565667748
1403715304462142976.000000 -1.104637861 -1.007369637 3.165101528 -0.225296840 -0.782856822 -0.140449330 0.562717259
1403715304712143104.000000 -1.118654370 -1.030149341 3.112620115 -0.227727413 -0.780943811 -0.156100452 0.560267568
1403715304912143104.000000 -1.121402502 -1.052293420 3.073174715 -0.231806964 -0.782099903 -0.163546890 0.554831386
1403715305112143104.000000 -1.122324467 -1.078478098 3.080423117 -0.235264421 -0.783400416 -0.162786916 0.551756203
1403715305512143104.000000 -1.125449419 -1.130829930 3.119224072 -0.232020125 -0.787775755 -0.154143244 0.549377799
1403715308112143104.000000 -0.518348515 -1.270531297 3.354940414 -0.546826243 -0.624644101 -0.380411565 0.407538921
1403715308362142976.000000 -0.484764278 -1.289949656 3.294454098 -0.576294899 -0.596155107 -0.403868139 0.386489093
1403715308612143104.000000 -0.477994293 -1.287266016 3.244513512 -0.597138762 -0.574864924 -0.405450284 0.385442376
1403715309112143104.000000 -0.466776073 -1.204367280 3.274286985 -0.601676643 -0.567713737 -0.392143995 0.402379900
1403715310362142976.000000 -0.146504939 -0.998192430 3.352904081 -0.570021868 -0.561010242 -0.420187920 0.428701103
1403715310862142976.000000 0.054203544 -1.061170101 3.373945475 -0.615178287 -0.543914258 -0.431492627 0.373533338
1403715311062142976.000000 0.117703557 -1.086317062 3.380473375 -0.626185596 -0.536337793 -0.425695151 0.372849971
1403715311662142976.000000 0.339562416 -1.096510410 3.398438692 -0.634929240 -0.532549143 -0.427329183 0.361449927
1403715313012143104.000000 0.914172471 -0.798524797 3.442863226 -0.610672176 -0.518801808 -0.471879780 0.367768437
1403715313262142976.000000 0.965990365 -0.769427359 3.493569136 -0.606722951 -0.527781725 -0.463894963 0.371665567
1403715313512143104.000000 0.989677012 -0.768776000 3.537717342 -0.616129458 -0.531514943 -0.448916525 0.369256586
1403715313812143104.000000 1.001911521 -0.784212947 3.592373133 -0.626157761 -0.523876190 -0.456264794 0.353981107
1403715314362142976.000000 0.969632149 -0.817975998 3.665280342 -0.664964020 -0.481855124 -0.478245318 0.311319649
1403715315362142976.000000 0.721744597 -0.746021330 3.675499678 -0.699109435 -0.426138014 -0.493356287 0.293686956
1403715317412143104.000000 0.338337213 -0.497797251 3.463110685 -0.814789653 -0.106086075 -0.565448582 0.071633793
1403715317662142976.000000 0.304222733 -0.422746152 3.428731680 -0.820048749 -0.041746181 -0.569598079 0.036541447
1403715317912143104.000000 0.273894310 -0.355501235 3.399071217 0.821191490 -0.026513070 0.569797218 -0.016517095
1403715318162142976.000000 0.245129660 -0.315972626 3.371548653 0.818780184 -0.072744064 0.569441199 0.006640310
1403715318962142976.000000 0.212642878 -0.387085855 3.276396751 0.829373419 -0.147563085 0.529346406 0.100783147
1403715319212143104.000000 0.278209031 -0.436244190 3.255529881 0.811676085 -0.178046495 0.539137483 0.137157217
1403715319662142976.000000 0.470579594 -0.496620178 3.232393503 0.782828510 -0.249290526 0.537338734 0.190528080
1403715319862142976.000000 0.578098714 -0.502629757 3.260851860 0.778739154 -0.262506723 0.534958601 0.196149990
1403715320062142976.000000 0.695247650 -0.501898408 3.318677187 0.774818599 -0.273585588 0.532685697 0.202615470
1403715320462142976.000000 0.941114068 -0.475379884 3.414370060 0.727623641 -0.349435747 0.534397900 0.250753671
1403715320662142976.000000 1.049695015 -0.443969280 3.455604076 0.696926892 -0.410982341 0.522365093 0.269297630
1403715320862142976.000000 1.136439085 -0.405346751 3.490237236 0.666274130 -0.460897475 0.518730581 0.273076922
1403715321112143104.000000 1.193062305 -0.364351153 3.521795034 0.659908235 -0.484317064 0.500790656 0.281366318
1403715321612143104.000000 1.157598615 -0.349243909 3.565011263 0.666365087 -0.481549561 0.491679102 0.286913574
1403715321862142976.000000 1.075213075 -0.374440253 3.587979555 0.652245700 -0.481266379 0.504894674 0.296714902
1403715322162142976.000000 0.907823920 -0.409134626 3.614920855 0.646613836 -0.500026464 0.485884130 0.309484720
1403715322662142976.000000 0.551519334 -0.494123638 3.592510462 0.641769588 -0.532711029 0.421331316 0.356133163
1403715322862142976.000000 0.432717383 -0.554506481 3.550071001 0.637708306 -0.537560761 0.416031808 0.362317771
1403715323112143104.000000 0.314270556 -0.657358587 3.547914982 0.637604296 -0.534047663 0.414713174 0.369143575
1403715324262142976.000000 0.229286209 -1.205823302 3.643670082 0.598538220 -0.509352326 0.474862397 0.396002322
1403715325362142976.000000 0.210915565 -1.107450247 3.755735636 0.619002044 -0.517575026 0.458245248 0.372778505
1403715325812143104.000000 0.172010705 -1.019377112 3.754440546 0.617979407 -0.542407751 0.459321290 0.336034656
1403715326062142976.000000 0.110316426 -0.990957558 3.750620365 0.622662127 -0.541215003 0.449471444 0.342569351
1403715326312143104.000000 0.028861880 -0.984054208 3.734060764 0.624697149 -0.529069424 0.441455752 0.367363334
1403715326562142976.000000 -0.045925610 -0.978872478 3.712140799 0.610335529 -0.518960476 0.456025213 0.387571424
1403715326812143104.000000 -0.113379508 -0.942607403 3.685178280 0.608063161 -0.525829375 0.453589529 0.384732664
1403715327312143104.000000 -0.261087060 -0.820064008 3.636058331 0.606535316 -0.556838453 0.444842190 0.352365226
1403715327762142976.000000 -0.478517205 -0.766280949 3.606298923 0.629029036 -0.535490096 0.443755001 0.347353339
1403715327962142976.000000 -0.586220026 -0.765793979 3.589323282 0.652954042 -0.504173040 0.455432117 0.334727019
1403715328262142976.000000 -0.742323220 -0.782309473 3.570308685 0.663561702 -0.468339473 0.473795474 0.340384841
1403715328562142976.000000 -0.880068362 -0.775268376 3.560167789 0.659052551 -0.467605323 0.470824629 0.354004383
1403715328812143104.000000 -0.963996887 -0.738702834 3.547471762 0.675561190 -0.465986758 0.463661253 0.333903939
1403715329312143104.000000 -1.033904076 -0.651081324 3.518330336 0.737624347 -0.364319324 0.512918830 0.245144844
1403715330062142976.000000 -1.077993751 -0.573990345 3.412199974 0.751132011 -0.328768998 0.530481339 0.215177327
1403715330362142976.000000 -1.082629442 -0.562605262 3.348379850 0.760541260 -0.320255220 0.522465110 0.214578494
1403715330862142976.000000 -1.069402456 -0.562477350 3.375103951 0.748795331 -0.321624577 0.546077430 0.194068670
1403715331862142976.000000 -1.194205523 -0.692664266 3.661573648 0.791933179 -0.206131279 0.556394994 0.144140199
1403715333812143104.000000 -1.419529319 -1.444125295 3.719409943 0.797965348 -0.171729028 0.567632973 0.107486159
1403715334112143104.000000 -1.506102920 -1.554624319 3.704835415 0.809667706 -0.150751963 0.560775518 0.085104778
1403715334412143104.000000 -1.570758820 -1.681507111 3.708614826 0.814518452 -0.133150786 0.560163021 0.071049266
1403715334762142976.000000 -1.621851802 -1.850037575 3.712588549 0.813783228 -0.123441018 0.563079238 0.073898934
1403715335062142976.000000 -1.646328211 -1.997326136 3.709506035 0.814355373 -0.120903552 0.562271535 0.077836551
1403715335362142976.000000 -1.651380420 -2.135351896 3.704526901 0.816242099 -0.111685514 0.561815441 0.075090662
1403715335712143104.000000 -1.630882621 -2.280785561 3.697389364 0.818752587 -0.090561695 0.564719379 0.050347693
1403715336312143104.000000 -1.557538509 -2.523176670 3.679850578 0.811340928 -0.051107734 0.581684887 0.027504493
1403715336612143104.000000 -1.526459336 -2.635529280 3.671857834 0.818552077 -0.046489954 0.571934640 0.026497442
1403715336912143104.000000 -1.487024903 -2.740478992 3.674672842 0.817942560 -0.046522561 0.572655082 0.029527085
1403715337212143104.000000 -1.439325333 -2.828572035 3.698942184 0.821537495 -0.032539804 0.568735480 0.023604905
1403715337512143104.000000 -1.374857664 -2.897583723 3.725017786 0.825688541 -0.012247726 0.563743174 -0.016798234
1403715337812143104.000000 -1.287732959 -2.983395338 3.746006966 -0.820931435 -0.003362192 -0.570609927 0.021556955
1403715338112143104.000000 -1.191526651 -3.078613997 3.767519951 0.818340719 -0.001047535 0.574564755 -0.013885966
1403715338462142976.000000 -1.081090331 -3.186043262 3.788164854 -0.817910969 -0.007109768 -0.574333668 0.033348110
1403715338812143104.000000 -0.970660090 -3.307336330 3.818784237 -0.815285563 -0.066763461 -0.571743369 0.062941216
1403715339112143104.000000 -0.878278136 -3.423126221 3.831706047 -0.817997813 -0.097139984 -0.562280953 0.072688490
1403715339412143104.000000 -0.777013063 -3.530673027 3.825996637 -0.814154029 -0.104794651 -0.566132188 0.075270861
1403715339712143104.000000 -0.673511863 -3.626618862 3.804334402 -0.816380382 -0.099983595 -0.564772367 0.067516163
1403715340012143104.000000 -0.573065877 -3.697061062 3.770824194 -0.810968339 -0.121000946 -0.571213424 0.037476070
1403715340312143104.000000 -0.490674645 -3.684011221 3.764220715 -0.804137170 -0.160646692 -0.566287041 0.082916982
1403715340612143104.000000 -0.425057322 -3.615181208 3.803505659 -0.797300041 -0.210629508 -0.546436429 0.146133974
1403715340912143104.000000 -0.350311846 -3.544509411 3.832183599 -0.798319757 -0.220902294 -0.533669889 0.170540869
1403715341212143104.000000 -0.244811699 -3.485315084 3.859247923 -0.795520127 -0.212337852 -0.543167114 0.164407820
1403715341512143104.000000 -0.121885762 -3.442236185 3.891305447 -0.788993001 -0.200816602 -0.561894596 0.146414250
1403715341812143104.000000 -0.019296782 -3.405263901 3.917338848 -0.783452690 -0.207480311 -0.573801279 0.117923781
1403715342112143104.000000 0.041451257 -3.340967178 3.928370714 -0.795899630 -0.200933382 -0.555036724 0.134550601
1403715342412143104.000000 0.092235684 -3.266790390 3.933978319 -0.801572025 -0.207854956 -0.539541423 0.152229160
1403715342712143104.000000 0.168351218 -3.182579041 3.934704304 -0.782609582 -0.268471509 -0.538904667 0.158199236
1403715343012143104.000000 0.247328281 -3.067511320 3.937491417 -0.769516170 -0.289498687 -0.534874618 0.194793329
1403715343312143104.000000 0.328220189 -2.941740990 3.924906254 -0.766584218 -0.296228498 -0.531222045 0.205913395
1403715343612143104.000000 0.410910666 -2.814265728 3.900049925 -0.771201193 -0.299277037 -0.525800765 0.198029026
1403715343912143104.000000 0.498127669 -2.667169809 3.886067152 -0.764385700 -0.297375917 -0.539200962 0.191165879
1403715344212143104.000000 0.566696644 -2.497138739 3.880244493 -0.750132978 -0.317809254 -0.539191306 0.213472828
1403715344512143104.000000 0.597965956 -2.323162079 3.870782137 -0.719566047 -0.355313897 -0.554306149 0.220729440
1403715344812143104.000000 0.557179511 -2.149246216 3.845315695 -0.722284973 -0.374663264 -0.537858427 0.220545441
1403715345162142976.000000 0.425066233 -1.925179601 3.817352772 -0.723418355 -0.362574011 -0.533764601 0.245563433
1403715347112143104.000000 -0.584595203 -0.890493929 3.736003399 -0.756789923 -0.324908108 -0.511240780 0.245635301
1403715349112143104.000000 -1.040428281 -0.291087300 3.627025366 -0.622315466 -0.527089238 -0.416568816 0.401709914
1403715350362142976.000000 -0.627260208 -0.316278785 3.350965500 -0.546497047 -0.629728854 -0.368866265 0.410755664
1403715350712143104.000000 -0.544000447 -0.303162605 3.287391424 -0.547045469 -0.635332584 -0.372905225 0.397536814
1403715351062142976.000000 -0.534853578 -0.219001427 3.245425224 -0.540873468 -0.632198095 -0.381363511 0.402918667
1403715353162142976.000000 -1.282113194 0.455690920 3.340607643 -0.476402342 -0.655824244 -0.332799405 0.481850505
1403715354212143104.000000 -1.447895408 0.559453428 3.313930035 -0.467643619 -0.672536552 -0.303129196 0.486946374
1403715354712143104.000000 -1.488705873 0.596454978 3.247007370 -0.460281551 -0.683184206 -0.310622454 0.474250942
1403715355812143104.000000 -1.532437563 0.797835290 3.478454590 -0.358477563 -0.738277912 -0.247060418 0.515170693
1403715356112143104.000000 -1.536373973 0.858659506 3.520623207 -0.341254324 -0.750510931 -0.249852791 0.507791758
1403715356412143104.000000 -1.566962838 0.906444371 3.552355766 -0.351414025 -0.750587523 -0.263415635 0.493699133
1403715356712143104.000000 -1.642919660 0.944296598 3.558187246 -0.370944828 -0.743137419 -0.242875665 0.501156926
1403715357262142976.000000 -1.827651978 1.074512124 3.594532490 -0.280923009 -0.773770988 -0.181998774 0.537807763
1403715357512143104.000000 -1.906975031 1.159274459 3.635805607 -0.252038300 -0.782957256 -0.181023851 0.539152205
1403715357762142976.000000 -1.990457773 1.238195419 3.661945581 -0.239668116 -0.786889851 -0.186454386 0.537213504
1403715358262142976.000000 -2.215484142 1.333719373 3.667549372 -0.241974637 -0.792044342 -0.184312388 0.529285371
1403715358512143104.000000 -2.374506474 1.360047102 3.661637068 -0.227587566 -0.795671225 -0.183436796 0.530530035
1403715358762142976.000000 -2.560648680 1.369765401 3.650768995 -0.208301008 -0.788745284 -0.161286011 0.555408359
1403715359012143104.000000 -2.742914677 1.365145087 3.633697748 -0.197806180 -0.784607291 -0.136947155 0.571410239
1403715359512143104.000000 -3.022562027 1.340137601 3.588747501 -0.182130456 -0.787471950 -0.149603456 0.569504499
1403715359762142976.000000 -3.129604340 1.294707537 3.585355282 -0.188502043 -0.786312938 -0.148526341 0.569314361
1403715360012143104.000000 -3.219516039 1.225977898 3.592750549 -0.198655993 -0.789828837 -0.136857703 0.563893914
1403715360262142976.000000 -3.297055960 1.153401852 3.602909327 -0.198061794 -0.793486297 -0.136973202 0.558918059
1403715360512143104.000000 -3.362122536 1.088614583 3.613600492 -0.234432459 -0.783735991 -0.127740815 0.560786724
1403715360762142976.000000 -3.402448893 1.055195212 3.629124165 -0.277913332 -0.769378185 -0.160464510 0.552333772
1403715361262142976.000000 -3.430541515 1.049686313 3.671660423 -0.375071973 -0.730648994 -0.260660321 0.507473528
1403715362212143104.000000 -3.590544462 1.057265639 3.656470060 -0.522896349 -0.641468823 -0.362425745 0.428654701
1403715362462142976.000000 -3.669446945 1.089806676 3.629070997 -0.568326116 -0.599236608 -0.399630994 0.397763759
1403715362712143104.000000 -3.770304918 1.133785725 3.602523804 -0.613724709 -0.551016569 -0.430386305 0.366729468
1403715362912143104.000000 -3.863481283 1.179289699 3.589120388 -0.655273557 -0.495063245 -0.435978025 0.368038297
1403715363162142976.000000 -3.955806255 1.234455347 3.588871717 -0.689521909 -0.434555024 -0.446943074 0.368732095
1403715363412143104.000000 -3.991058350 1.262011886 3.602109671 -0.713579357 -0.400037795 -0.462519109 0.341834009
1403715363662142976.000000 -3.973047733 1.262022376 3.626724243 -0.728242755 -0.372883856 -0.490920842 0.299360842
1403715363962142976.000000 -3.914056778 1.238945365 3.658718824 -0.748905957 -0.319943041 -0.524605572 0.248123646
1403715364512143104.000000 -3.815776110 1.150874257 3.719533443 -0.782480597 -0.237176403 -0.539265931 0.201652482
1403715364812143104.000000 -3.755946398 1.070112705 3.770211458 -0.780983686 -0.235896915 -0.548214972 0.184058487
1403715365162142976.000000 -3.685020208 0.961292505 3.829614639 -0.791276574 -0.211310118 -0.556108415 0.141325682
1403715365512143104.000000 -3.637401819 0.878847837 3.883105993 -0.795553505 -0.168952152 -0.569866121 0.117483698
1403715366162142976.000000 -3.622199297 0.717880726 3.937114239 -0.812428832 -0.041319292 -0.576245904 0.078693584
1403715366662142976.000000 -3.647771835 0.485015303 3.953016996 -0.818076670 -0.053198040 -0.570423067 0.050380141
1403715367062142976.000000 -3.654559851 0.284306347 3.962229729 -0.827176452 -0.064586453 -0.555358291 0.056434941
1403715367462142976.000000 -3.601720810 0.094744697 3.986181259 -0.830190420 -0.069783226 -0.548797488 0.068814695
1403715368262142976.000000 -3.285604239 -0.304484725 4.043632507 -0.814246535 -0.073527299 -0.570902824 0.075274482
1403715369162142976.000000 -2.923538923 -0.885024488 4.023521423 -0.817667484 -0.095676571 -0.562832713 0.074062370
1403715369612143104.000000 -2.754612923 -1.154591203 4.019220829 -0.805386126 -0.192565486 -0.544763863 0.132302850
1403715370612143104.000000 -2.290975571 -1.510889411 3.995962858 -0.786173820 -0.230334595 -0.545233428 0.177756369
1403715371112143104.000000 -2.055096388 -1.624398947 3.986937284 -0.801474214 -0.234008312 -0.527986825 0.155271143
1403715371612143104.000000 -1.748632312 -1.658092976 3.963461876 -0.796554327 -0.225030854 -0.535041153 0.169095799
1403715373112143104.000000 -0.600452125 -1.717717171 4.001490593 -0.768364131 -0.279393166 -0.534919798 0.213112578
1403715373612143104.000000 -0.243020207 -1.746598482 4.024683475 -0.763729811 -0.289022833 -0.540826797 0.201714799
1403715374612143104.000000 0.221559390 -1.669439316 4.037471771 -0.688331127 -0.462659538 -0.468225598 0.304813504
1403715375562142976.000000 0.467729449 -1.316606522 4.037483692 -0.693020582 -0.442746043 -0.482851416 0.300920129
1403715376462142976.000000 0.523108304 -0.854290724 3.971589088 -0.679667473 -0.425860405 -0.507762134 0.314440340
1403715376862142976.000000 0.483565331 -0.703470111 3.922313929 -0.678969741 -0.442088068 -0.500072658 0.305754304
1403715377312143104.000000 0.353956282 -0.586066246 3.880454063 -0.670943260 -0.454193503 -0.496055692 0.312205225
1403715377762142976.000000 0.138857812 -0.522941649 3.842886209 -0.670302927 -0.456586242 -0.489987761 0.319585681
1403715378662142976.000000 -0.380753994 -0.518962443 3.759716749 -0.686317682 -0.458001405 -0.464598686 0.321482182
1403715379112143104.000000 -0.569426417 -0.509962738 3.760227203 -0.690961957 -0.463533819 -0.457945019 0.313040406
1403715380012143104.000000 -0.925284922 -0.275583476 3.828042984 -0.671575427 -0.471618325 -0.487250477 0.298579395
1403715380462142976.000000 -1.187490344 -0.081701055 3.856487274 -0.679747999 -0.455587000 -0.480181605 0.315925419
1403715381812143104.000000 -2.051914215 0.333616465 3.899912357 -0.685451925 -0.450071871 -0.485693574 0.302808076
1403715384612143104.000000 -2.957027197 1.531084657 3.772475958 -0.824897110 -0.035023063 -0.561387658 0.056232587
1403715385112143104.000000 -2.889875412 1.609051108 3.779105663 0.826271653 -0.045444060 0.561384201 0.007612377
1403715386612143104.000000 -2.515753269 1.430246115 3.899006605 0.804128587 -0.070674106 0.589514136 0.029248437
1403715388112143104.000000 -2.616828203 0.544646621 3.886261463 0.830185473 -0.051397767 0.554972112 0.012508177
1403715388662142976.000000 -2.553202868 0.101267472 3.761128664 0.819860160 -0.041909855 0.570801198 0.016089432
1403715389662142976.000000 -2.393639326 -0.636888921 3.758720160 0.816902816 -0.022721097 0.576140881 0.014669537
1403715390212143104.000000 -2.285691261 -0.958239079 3.751142502 -0.829883516 -0.053098392 -0.554285824 0.035230927
1403715391262142976.000000 -1.810220003 -1.271944284 3.674884081 -0.808963537 -0.194075540 -0.534564555 0.148840427
1403715392312143104.000000 -0.926506460 -1.395713687 3.796560764 -0.786247551 -0.264226586 -0.526763976 0.185792491
1403715392862142976.000000 -0.411082178 -1.411794066 3.896516562 -0.731570959 -0.352361739 -0.528098643 0.248509750
1403715393412143104.000000 -0.025547437 -1.410051823 3.932502270 -0.664284885 -0.474812329 -0.487924337 0.308559269
1403715393962142976.000000 0.155051842 -1.368799567 3.922690868 -0.582740784 -0.577872336 -0.412436813 0.395439714
1403715394462142976.000000 0.200853407 -1.333466887 3.906746864 -0.476381332 -0.660524726 -0.349084973 0.463581294
1403715394962142976.000000 0.177225918 -1.356169462 3.890942097 -0.354197472 -0.739398658 -0.254630953 0.512832165
1403715395462142976.000000 0.096690364 -1.426429749 3.866374969 -0.219882190 -0.795793831 -0.157589778 0.541783690
1403715395962142976.000000 -0.035249941 -1.501759291 3.797775984 -0.145235628 -0.813800931 -0.094629273 0.554688990
1403715396412143104.000000 -0.175805897 -1.525329709 3.744056940 -0.144027159 -0.807448089 -0.089705564 0.565010428
1403715396812143104.000000 -0.291615069 -1.522209167 3.697196007 -0.114921160 -0.810874522 -0.085854217 0.567366600
1403715397212143104.000000 -0.413158894 -1.536803484 3.624647617 -0.106201977 -0.829656601 -0.057602052 0.545044124
1403715397662142976.000000 -0.624138832 -1.483991027 3.554160118 -0.117446281 -0.824239314 -0.033483144 0.552914739
1403715398062142976.000000 -0.843710423 -1.332981110 3.540324211 -0.104551122 -0.803666711 -0.058461342 0.582899034
1403715398562142976.000000 -1.036986947 -1.142120957 3.494177818 -0.106811203 -0.802867770 -0.079038464 0.581160605
1403715398962142976.000000 -1.110359907 -1.054501534 3.468265057 -0.096454121 -0.792363405 -0.109137595 0.592406750
1403715399462142976.000000 -1.095651984 -1.120390177 3.450707674 -0.096389249 -0.802398264 -0.094943300 0.581250250
1403715399912143104.000000 -1.040283442 -1.295148373 3.446274996 -0.112712346 -0.826584280 -0.083539478 0.545046389
1403715400412143104.000000 -1.087916374 -1.524516940 3.486132622 -0.158921644 -0.816078126 -0.144937128 0.536426842
1403715400812143104.000000 -1.230438471 -1.754384160 3.497868776 -0.271949679 -0.789658070 -0.183097228 0.518612504
1403715401212143104.000000 -1.441447139 -1.952422976 3.491785526 -0.348583639 -0.767404854 -0.208666787 0.496021599
1403715401662142976.000000 -1.757296324 -2.047486305 3.527852058 -0.354447484 -0.751336396 -0.225304559 0.509017229
1403715402112143104.000000 -2.072255373 -2.036533594 3.577801943 -0.364820600 -0.731405079 -0.247990295 0.520051420
1403715402562142976.000000 -2.317806005 -2.022191525 3.597031355 -0.374045581 -0.715964973 -0.299826354 0.507531464
1403715402962142976.000000 -2.534707546 -2.086849213 3.596111774 -0.415172994 -0.701593757 -0.289687604 0.501476586
1403715403362142976.000000 -2.735451221 -2.148969412 3.605082035 -0.438276261 -0.712223709 -0.268897444 0.477855086
1403715403712143104.000000 -2.894011259 -2.114531279 3.623023748 -0.466288805 -0.693254650 -0.295374453 0.463386238
1403715404062142976.000000 -3.038104773 -2.003916740 3.636328936 -0.525995135 -0.650823414 -0.327368766 0.438848138
1403715404412143104.000000 -3.169800997 -1.828721523 3.656458855 -0.546433508 -0.618921518 -0.388065815 0.409574896
1403715404812143104.000000 -3.373186588 -1.621494055 3.647960186 -0.558045268 -0.598112047 -0.395408660 0.417731345
1403715405212143104.000000 -3.586110830 -1.435067296 3.619204998 -0.607846081 -0.541976035 -0.410608202 0.410105020
1403715405512143104.000000 -3.698679447 -1.329938173 3.595144987 -0.664744854 -0.483379424 -0.439964145 0.361787438
1403715405862142976.000000 -3.783707142 -1.219858289 3.566047192 -0.715798497 -0.423943430 -0.474962264 0.286906660
1403715406212143104.000000 -3.844713211 -1.084194422 3.524988890 -0.750361979 -0.335982352 -0.515448868 0.241630524
1403715406562142976.000000 -3.886311293 -0.944125414 3.459656954 -0.788992345 -0.250603199 -0.525248230 0.196985781
1403715406912143104.000000 -3.884557009 -0.825379193 3.390142441 -0.807293952 -0.176609531 -0.544420123 0.143847719
1403715407262142976.000000 -3.843156099 -0.729963541 3.335742474 -0.827629209 -0.112435356 -0.541868210 0.093632057
1403715407612143104.000000 -3.738060474 -0.633839607 3.309246063 -0.831844151 -0.096129127 -0.541821063 0.072280437
1403715407962142976.000000 -3.566052437 -0.518915057 3.320811033 -0.819464207 -0.109140843 -0.559332192 0.060943622
1403715408312143104.000000 -3.376868248 -0.374703795 3.407944679 -0.816375613 -0.104973070 -0.562915027 0.075088568
1403715409462142976.000000 -2.971519470 0.029068030 3.475299597 -0.760727406 -0.271880209 -0.550635993 0.210178703
1403715409962142976.000000 -2.927856684 0.070274279 3.571876526 -0.787298918 -0.270275980 -0.523111045 0.182937607
1403715410462142976.000000 -2.837685585 0.150048316 3.631078005 -0.778668761 -0.257632941 -0.544726431 0.174852312
1403715410962142976.000000 -2.761353016 0.275667906 3.606625080 -0.762054682 -0.263774425 -0.561340332 0.185991198
1403715411462142976.000000 -2.755470991 0.380066514 3.576984644 -0.763781190 -0.264646500 -0.547958970 0.215271130
1403715411962142976.000000 -2.778879166 0.402797699 3.550417900 -0.764275372 -0.279642850 -0.542327046 0.208721101
1403715412462142976.000000 -2.826825380 0.380693048 3.523599386 -0.770211220 -0.280574709 -0.534675598 0.205364197
1403715412962142976.000000 -2.864207506 0.357384473 3.504945755 -0.774868190 -0.283477813 -0.528790236 0.198998913
1403715413462142976.000000 -2.885721922 0.358500928 3.402942896 -0.770809531 -0.273230970 -0.535375416 0.211117849
1403715413962142976.000000 -2.906219244 0.329818249 3.297788858 -0.766772866 -0.280411214 -0.542088091 0.198920667
1403715414412143104.000000 -2.945772409 0.310603559 3.285508871 -0.783304095 -0.286013126 -0.519330680 0.186887398
1403715414862142976.000000 -2.958357096 0.366678923 3.257260323 -0.774221420 -0.270308703 -0.534355938 0.204885721
1403715415212143104.000000 -2.956577539 0.402603567 3.188587904 -0.778341293 -0.247442573 -0.532715440 0.221746176
1403715415512143104.000000 -2.936781645 0.393063217 3.149943829 -0.772326112 -0.263461471 -0.547955811 0.183969900
1403715415762142976.000000 -2.931302071 0.387548983 3.122950554 -0.772002995 -0.264466554 -0.550647199 0.175660059
1403715416012143104.000000 -2.936197758 0.394284248 3.124655008 -0.770395994 -0.265796691 -0.552652180 0.174406797
1403715416412143104.000000 -2.932781219 0.394467831 3.125838280 -0.772576153 -0.264356017 -0.550376177 0.174149737
1403715416762142976.000000 -2.932922125 0.392982692 3.124727964 -0.773024738 -0.264001101 -0.549792290 0.174541593
1403715417212143104.000000 -2.935516119 0.392422825 3.123857975 -0.773036122 -0.263697416 -0.549803376 0.174914420
1403715417512143104.000000 -2.938123226 0.392500073 3.123979330 -0.773056567 -0.263545126 -0.549762011 0.175184101
1403715417812143104.000000 -2.940114498 0.392351925 3.124487638 -0.773172140 -0.263354778 -0.549665689 0.175262466
1403715418262142976.000000 -2.942882776 0.392424136 3.126612186 -0.773176134 -0.263232708 -0.549718082 0.175263405
1403715418662142976.000000 -2.944460392 0.392073661 3.128099680 0.773331463 0.263058186 0.549582660 -0.175265253
