1403636579763555840.000000 0.000000000 0.000000000 0.000000000 -0.000000000 -0.000000000 -0.000000000 1.000000000
1403636579913555712.000000 0.000027371 0.010976754 0.004189745 -0.005893512 0.005729747 -0.003069830 0.999961495
1403636579963555584.000000 -0.000057319 0.015610273 0.005558634 -0.012072646 0.005679267 -0.003130987 0.999906123
1403636580213555456.000000 -0.000680204 0.039884292 0.012362747 -0.027332732 0.004708518 0.003040932 0.999610662
1403636580313555456.000000 -0.000949052 0.047933038 0.014249349 -0.033797260 0.004699383 -0.000134533 0.999417663
1403636580413555712.000000 -0.001224351 0.054638728 0.015282702 -0.046925206 0.003665877 -0.002089517 0.998889506
1403636580563555840.000000 -0.001711761 0.058090542 0.015386139 -0.070733495 0.001864570 -0.001585544 0.997492254
1403636580713555456.000000 -0.002223646 0.047518447 0.012474924 -0.068344943 0.001669034 -0.003315192 0.997654855
1403636584013555456.000000 0.002830538 0.052833386 0.015146615 -0.064015657 0.027091870 -0.011642351 0.997513175
1403636586313555456.000000 0.001344365 0.021287194 -0.002152930 -0.156688765 0.042963155 0.009018160 0.986671925
1403636587313555456.000000 0.011767920 0.018464413 -0.003884475 -0.194521099 0.025884196 0.004324791 0.980547190
1403636587613555456.000000 0.027640846 0.017069949 -0.000595292 -0.197862089 0.032414712 0.014473909 0.979586840
1403636588113555456.000000 0.061354291 0.016082395 0.003152800 -0.203596741 0.065682717 0.031148802 0.976352334
1403636588363555584.000000 0.068071358 0.017544249 0.004008044 -0.201170385 0.062058631 0.031975724 0.977065384
1403636589663555584.000000 -0.019309731 0.018710200 -0.007436772 -0.192501456 0.018526504 0.011016568 0.981059968
1403636589813555456.000000 -0.032352675 0.020221652 -0.008391804 -0.194195628 0.009524362 0.009093413 0.980874419
1403636589963555584.000000 -0.042861406 0.022206292 -0.009235650 -0.202065438 -0.003473090 0.007732288 0.979335368
1403636590163555584.000000 -0.051555708 0.022927456 -0.010082064 -0.192229912 -0.016895954 0.006863434 0.981180489
1403636590613555456.000000 -0.037197299 0.021075968 -0.012320380 -0.187240407 0.000749116 0.001543486 0.982312620
1403636590913555712.000000 -0.012008623 0.020054262 -0.011538599 -0.196770310 0.013967630 0.008534350 0.980313003
1403636591163555584.000000 0.010420526 0.019676598 -0.009316429 -0.196499869 0.014805687 0.012281990 0.980315149
1403636591563555840.000000 0.033530705 0.022001458 -0.003998775 -0.197097152 0.032723639 0.019561339 0.979642391
1403636591763555840.000000 0.037986308 0.022998609 0.000177684 -0.160851449 0.059062406 0.018387869 0.985038221
1403636591963555584.000000 0.040486824 0.021779168 0.003363396 -0.135720626 0.078764074 0.022934536 0.987345040
1403636592163555584.000000 0.045363657 0.019994348 0.009340707 -0.150636733 0.098031916 0.038406633 0.982966602
1403636592613555456.000000 0.045648504 0.012335565 0.032957412 -0.158567011 0.068310648 0.035780542 0.984332263
1403636593713555456.000000 -0.029037679 0.029980913 -0.005451917 -0.192896292 -0.079270966 0.006821422 0.977988064
1403636593913555712.000000 -0.014760116 0.035322167 -0.017132144 -0.190736637 -0.012479778 0.036068726 0.980899036
1403636594113555456.000000 0.006236190 0.036137708 -0.022846898 -0.173452169 0.066842452 0.061102539 0.980669618
1403636594363555584.000000 0.034161605 0.033539802 -0.014741094 -0.174369708 0.128289670 0.072304353 0.973606229
1403636594563555840.000000 0.053167753 0.028020022 0.001956128 -0.157008126 0.140997738 0.063723050 0.975401223
1403636596113555456.000000 0.026643734 0.042877924 -0.011544315 -0.172265232 0.046365108 0.013441705 0.983867049
1403636596313555456.000000 0.024612226 0.045150213 -0.024358340 -0.170676500 0.065664031 0.029392891 0.982697248
1403636596513555456.000000 0.010083763 0.045713723 -0.039771117 -0.159991637 0.065299690 0.024050876 0.984662473
1403636596763555840.000000 -0.003204372 0.046525091 -0.049524665 -0.160911202 0.061003555 0.014570238 0.984974086
1403636597113555456.000000 0.002564058 0.041106693 -0.025852535 -0.166262880 0.061138686 0.002506777 0.984181106
1403636597363555584.000000 0.010480689 0.029905628 0.004040401 -0.171377763 0.027266609 -0.010217707 0.984775007
1403636598263555840.000000 -0.006042058 0.036818981 -0.000565230 -0.174327239 -0.070686124 -0.053636033 0.980681777
1403636598513555456.000000 -0.000783871 0.044621814 -0.001711551 -0.185407937 -0.055280164 -0.059539594 0.979297221
1403636598763555840.000000 0.004255715 0.046190333 0.014428372 -0.144587681 -0.079741411 -0.057075903 0.984620810
1403636599263555840.000000 0.009187487 0.055413604 0.041552242 -0.030781722 -0.104361385 -0.038635887 0.993311882
1403636599663555584.000000 0.010065291 0.060048021 0.050185043 -0.009791304 -0.083498381 -0.032982308 0.995913863
1403636600713555456.000000 0.011312434 0.060979173 0.050296754 0.019227941 -0.085898273 -0.019031027 0.995936573
1403636624363555584.000000 0.011894654 0.061029941 0.050185986 0.010992692 -0.080444969 -0.019460252 0.996508420
1403636624563555840.000000 0.014147759 0.061483905 0.048822265 -0.005103985 -0.073419906 -0.020350616 0.997080445
1403636624813555456.000000 0.019930201 0.062827326 0.045731146 -0.003732673 -0.066014223 -0.038067497 0.997085273
1403636625063555840.000000 0.027325101 0.059985448 0.037814658 -0.031405438 -0.056428988 -0.070068523 0.995449603
1403636625313555456.000000 0.029238405 0.048539102 0.030229118 -0.030638935 -0.063344106 -0.056551535 0.995917022
1403636625663555584.000000 0.028672207 0.048553191 0.031940721 -0.034125019 -0.067335293 -0.057547107 0.995484710
1403636626913555712.000000 0.026916917 -0.004379335 0.036094364 -0.001205157 -0.081776991 -0.052775953 0.995251656
1403636627563555840.000000 0.038958732 -0.010777715 0.025287423 -0.007251841 -0.078626320 -0.046773534 0.995779872
1403636627913555712.000000 0.048218340 -0.006403183 0.022834688 -0.038182035 -0.040984843 -0.040565401 0.997605562
1403636628613555456.000000 0.063667595 -0.030609006 0.031034511 -0.005297689 -0.027924033 -0.014026096 0.999497652
1403636628913555712.000000 0.078259006 -0.033028577 0.035853192 -0.019598437 -0.010474904 -0.023440944 0.999478221
1403636629263555840.000000 0.096831068 -0.042773444 0.042393122 -0.025062721 0.016797433 -0.018198257 0.999379098
1403636629563555840.000000 0.114139773 -0.046880309 0.053282514 -0.011958579 0.041753415 0.008214770 0.999022603
1403636629863555584.000000 0.137017488 -0.040282127 0.070202321 -0.034608234 0.102576867 0.022324024 0.993872166
1403636630613555456.000000 0.200912714 -0.060013790 0.121296376 -0.015228591 0.156635612 0.025006551 0.987222433
1403636631063555840.000000 0.234652922 -0.077999093 0.153802231 -0.016059583 0.144678131 0.027920503 0.988954365
1403636631263555840.000000 0.249396056 -0.081909709 0.171080813 -0.009489093 0.143352434 0.026991490 0.989258051
1403636632013555456.000000 0.299345583 -0.088244453 0.230331168 -0.013492590 0.139612004 0.015908528 0.989986598
1403636633263555840.000000 0.344967425 -0.105948813 0.336199850 -0.018105675 0.033234004 -0.021096475 0.999060869
1403636633563555840.000000 0.354675382 -0.108552769 0.368334025 -0.028782440 0.024824388 -0.011556500 0.999210596
1403636634063555840.000000 0.374227315 -0.123963520 0.428774357 -0.025366489 0.033386678 0.009111468 0.999079049
1403636634313555456.000000 0.388835788 -0.136717588 0.460732311 -0.024870709 0.034310199 -0.003034437 0.999097109
1403636634563555840.000000 0.404535145 -0.151389197 0.494346946 -0.007114736 0.033339243 -0.014678004 0.999310970
1403636634863555584.000000 0.420984805 -0.162042394 0.534270823 -0.011031231 0.015066784 -0.025810406 0.999492466
1403636635113555456.000000 0.432659477 -0.175511718 0.563732326 -0.018743163 0.002411274 -0.033187129 0.999270499
1403636635363555584.000000 0.442214340 -0.185151413 0.595235169 -0.025811043 -0.006397324 -0.026632495 0.999291539
1403636635663555584.000000 0.453898519 -0.200556606 0.634385407 -0.025597185 -0.009400869 -0.017789030 0.999469817
1403636635913555712.000000 0.465779483 -0.223799318 0.666082799 -0.015904941 -0.011452538 -0.003336977 0.999802351
1403636636213555456.000000 0.485303938 -0.254353791 0.704687357 -0.025050314 -0.003160069 -0.022491802 0.999428153
1403636636513555456.000000 0.500813484 -0.287697375 0.757103682 0.013180746 0.003133135 -0.033764768 0.999337971
1403636636813555456.000000 0.513837099 -0.303445101 0.799423456 0.015768928 0.013982191 -0.058416631 0.998069823
1403636637113555456.000000 0.528921664 -0.313235760 0.812109828 -0.000365962 -0.001326944 -0.037500776 0.999295652
1403636637513555456.000000 0.535510182 -0.318905741 0.839994729 -0.019854514 -0.008680254 -0.033973366 0.999187827
1403636637763555840.000000 0.536079049 -0.333341986 0.858404458 -0.020952061 -0.011940156 -0.032944590 0.999166191
1403636638063555840.000000 0.535889685 -0.355062217 0.881276131 -0.008729257 -0.014129861 -0.032943647 0.999319196
1403636638363555584.000000 0.536035359 -0.358860433 0.907264769 -0.012218683 -0.017571079 -0.027296206 0.999398291
1403636638613555456.000000 0.537893951 -0.356729358 0.931243598 -0.048496574 -0.021810107 -0.015227488 0.998469114
1403636638913555712.000000 0.544243276 -0.368723333 0.965127945 -0.025496474 -0.019852497 -0.026412122 0.999128759
1403636639213555456.000000 0.553064585 -0.387443036 1.000700951 -0.023013089 -0.029446663 -0.000405411 0.999301314
1403636639513555456.000000 0.570507467 -0.389477432 1.043829560 -0.022955121 -0.019681258 -0.029453488 0.999108732
1403636639863555584.000000 0.591974020 -0.390417725 1.095735073 -0.003981231 -0.019834952 -0.035194512 0.999175727
1403636641163555584.000000 0.645187259 -0.428200096 1.222214222 -0.006767713 -0.055684801 -0.052081566 0.997066200
1403636641413555712.000000 0.652060390 -0.428886324 1.240993023 -0.006484305 -0.058275450 -0.038533594 0.997535527
1403636641863555584.000000 0.665948033 -0.432491153 1.269612551 -0.004089348 -0.052953400 -0.047030047 0.997480571
1403636642913555712.000000 0.695980608 -0.445551276 1.303438783 -0.024987925 0.003859198 -0.022616943 0.999424398
1403636643513555456.000000 0.712104440 -0.453123242 1.325004697 -0.022412533 0.000784342 -0.019761117 0.999553204
1403636643863555584.000000 0.724022210 -0.468436092 1.337898850 -0.042500846 -0.001109502 -0.025222195 0.998777390
1403636644063555840.000000 0.731569350 -0.476605088 1.351274133 -0.047755752 -0.001077684 -0.027647769 0.998475790
1403636644463555584.000000 0.747163892 -0.487643301 1.394454241 -0.008265328 -0.009336254 -0.000226009 0.999922276
1403636644613555456.000000 0.755423367 -0.487879962 1.413286209 0.000057809 -0.012628824 0.009702800 0.999873161
1403636645213555456.000000 0.802812934 -0.468271136 1.478925586 -0.056056809 0.004710814 -0.023320064 0.998144090
1403636645763555840.000000 0.842779458 -0.482090682 1.557288885 -0.035577435 0.007462953 -0.025528766 0.999012947
1403636645963555584.000000 0.856139362 -0.493371725 1.590292096 -0.031802163 0.007223787 -0.020827200 0.999251068
1403636646163555584.000000 0.870066166 -0.511841297 1.623156905 -0.016779110 0.027397780 -0.001522728 0.999482632
1403636646313555456.000000 0.882367134 -0.525502682 1.648658991 -0.005637599 0.059816442 0.019254342 0.998007774
1403636646513555456.000000 0.901589274 -0.539614856 1.681686640 0.012024746 0.112346798 0.030736372 0.993120790
1403636646763555840.000000 0.926801205 -0.559080362 1.715553164 0.008991047 0.148998395 0.031929772 0.988280892
1403636647063555840.000000 0.954912484 -0.586647451 1.745177388 0.002446172 0.159865141 0.033295926 0.986574173
1403636647463555584.000000 0.991744518 -0.608645797 1.781655192 -0.000055341 0.153354242 0.036621667 0.987492442
1403636647663555584.000000 1.010334253 -0.616117656 1.797429442 0.014006261 0.148760989 0.041846491 0.987888098
1403636647863555584.000000 1.029067159 -0.622936010 1.808823109 0.007678221 0.156843081 0.039024081 0.986822426
1403636648113555456.000000 1.055155039 -0.623723745 1.820364594 0.007050374 0.195669159 0.050078489 0.979365110
1403636648313555456.000000 1.077542901 -0.620868206 1.828585625 0.007439603 0.245004714 0.067646153 0.967130482
1403636649313555456.000000 1.179705977 -0.621219277 1.831360579 0.004321770 0.351356298 0.093372889 0.931564093
1403636649913555712.000000 1.227490902 -0.666686356 1.815330744 0.014939744 0.361045331 0.096492939 0.927422404
1403636650513555456.000000 1.265270352 -0.668053985 1.793176889 0.004967108 0.452582985 0.131107092 0.882017493
1403636650913555712.000000 1.282591581 -0.652182102 1.773122072 0.002267967 0.498140216 0.146708205 0.854592264
1403636651613555456.000000 1.294814825 -0.654599071 1.727120042 0.005570277 0.489435554 0.140864313 0.860569060
1403636652113555456.000000 1.291220427 -0.633612275 1.690910816 0.023684751 0.535561144 0.165785387 0.827724874
1403636652663555584.000000 1.284475088 -0.591918230 1.640909672 -0.018525044 0.645886064 0.227927640 0.728379726
1403636653013555456.000000 1.289121985 -0.585925341 1.604968071 -0.019011894 0.655981362 0.224643603 0.720320940
1403636653363555584.000000 1.304409862 -0.575227737 1.573036790 -0.000103889 0.655040801 0.197981238 0.729194760
1403636653913555712.000000 1.318543434 -0.571382284 1.528210044 0.008952730 0.646800637 0.184900388 0.739851773
1403636654063555840.000000 1.319080353 -0.565340877 1.517382264 0.009532262 0.643771827 0.192145631 0.740639687
1403636654363555584.000000 1.317552567 -0.555562496 1.497071147 0.008374519 0.663354933 0.199898317 0.721062243
1403636654763555840.000000 1.307809830 -0.555246711 1.465039611 -0.001242507 0.707400143 0.228242129 0.668946207
1403636654863555584.000000 1.304185152 -0.553194642 1.457232594 -0.003146661 0.713465929 0.230819553 0.661572993
1403636655113555456.000000 1.297669172 -0.545871913 1.441472411 0.008707186 0.725506902 0.220431909 0.651900053
1403636655363555584.000000 1.287970781 -0.536752760 1.429531455 0.019922791 0.733640611 0.218522683 0.643134832
1403636655563555840.000000 1.275209904 -0.529450536 1.418984413 0.020528359 0.745456874 0.226936549 0.626396477
1403636656063555840.000000 1.236946106 -0.498823583 1.391390800 0.012298255 0.783211350 0.271968663 0.558982849
1403636656163555584.000000 1.229573727 -0.492628515 1.384828806 0.009429755 0.790408731 0.273263752 0.548171580
1403636656263555840.000000 1.222526670 -0.488374650 1.376383066 0.004410036 0.794635475 0.274444759 0.541493416
1403636656363555584.000000 1.215466261 -0.486455023 1.367976427 0.002107554 0.796496153 0.276900917 0.537508309
1403636656463555584.000000 1.209000587 -0.485898048 1.357984185 0.001011846 0.796985924 0.277770728 0.536335528
1403636656763555840.000000 1.192120552 -0.485320270 1.327010036 0.010780456 0.801217973 0.257073522 0.540228426
1403636656963555584.000000 1.180460930 -0.479115576 1.308293104 0.015641434 0.802870750 0.242831931 0.544230342
1403636657063555840.000000 1.173889518 -0.474010587 1.300160408 0.019917738 0.801950634 0.241465539 0.546052098
1403636657213555456.000000 1.161756158 -0.466712773 1.288751125 0.026266135 0.798987985 0.245153919 0.548477769
1403636657513555456.000000 1.132299542 -0.453488857 1.264248490 0.019448685 0.790580034 0.269454151 0.549544752
1403636657663555584.000000 1.116968036 -0.445351571 1.251868725 0.016057383 0.789536476 0.273994625 0.548909247
1403636657813555456.000000 1.100919247 -0.434770823 1.239103317 0.018867863 0.791361988 0.275479019 0.545437098
1403636657963555584.000000 1.084887266 -0.423410475 1.223772526 0.023512691 0.789371431 0.287465930 0.541943967
1403636658113555456.000000 1.069454193 -0.414618403 1.206349850 0.014278030 0.792868614 0.284750283 0.538584173
1403636658263555840.000000 1.054035902 -0.406686187 1.186163187 0.001657518 0.797791839 0.276489884 0.535797358
1403636658413555712.000000 1.040205121 -0.396764338 1.165116787 -0.005193059 0.799773514 0.273984879 0.534104586
1403636658663555584.000000 1.019957900 -0.379807383 1.132452965 -0.019873783 0.803579688 0.266323060 0.531918049
1403636658813555456.000000 1.010155201 -0.368579507 1.114345551 -0.023406107 0.806994855 0.256606609 0.531379759
1403636658913555712.000000 1.004822493 -0.360723376 1.103526354 -0.019093428 0.809036672 0.250919044 0.531163573
1403636659113555456.000000 0.995176911 -0.344548821 1.085548401 -0.001314350 0.810135067 0.247739747 0.531323314
1403636659213555456.000000 0.990639210 -0.335751534 1.078067303 0.002587339 0.810595870 0.245832652 0.531501591
1403636659363555584.000000 0.982003331 -0.323530316 1.067908525 0.000091624 0.808778167 0.250689507 0.532008171
1403636659463555584.000000 0.975922465 -0.316666484 1.062025547 -0.006624371 0.806542933 0.257167816 0.532268107
1403636659663555584.000000 0.965412974 -0.306934714 1.049340248 -0.007294636 0.807719827 0.255629957 0.531214416
1403636659863555584.000000 0.954908252 -0.294484198 1.040908098 -0.004884018 0.810435176 0.252403080 0.528643370
1403636659963555584.000000 0.950316906 -0.287576079 1.037142992 -0.009297180 0.809582412 0.257401645 0.527479053
1403636660113555456.000000 0.943794250 -0.275913656 1.034598947 -0.016983662 0.807337582 0.268058211 0.525416374
1403636660263555840.000000 0.938046813 -0.261736453 1.032937050 -0.020993292 0.805871665 0.273591995 0.524669051
1403636660713555456.000000 0.938623667 -0.233619615 1.026033640 -0.023435537 0.808909357 0.263907909 0.524851441
1403636660863555584.000000 0.944504619 -0.223096147 1.025905013 -0.025091723 0.815358818 0.243068069 0.524860322
1403636661013555456.000000 0.950417042 -0.211149052 1.028618813 -0.019973623 0.815965235 0.239700019 0.525685906
1403636661163555584.000000 0.956298470 -0.199145615 1.035061598 -0.009320281 0.814931393 0.243311569 0.525927305
1403636661313555456.000000 0.961932659 -0.188603863 1.042848110 -0.002876706 0.814319730 0.244715020 0.526298106
1403636661513555456.000000 0.967421174 -0.180477992 1.054227710 -0.001894777 0.813462734 0.246582419 0.526756048
1403636661813555456.000000 0.973012805 -0.179811731 1.072005987 0.012214547 0.810028851 0.253592014 0.528578401
1403636662313555456.000000 0.967838049 -0.196672335 1.095898151 -0.000491454 0.811759293 0.247616947 0.528897405
1403636662563555840.000000 0.961279750 -0.199498802 1.112161636 -0.014470313 0.808723748 0.261595547 0.526615918
1403636662763555840.000000 0.957717061 -0.200398296 1.126636624 0.010612349 0.804047763 0.277965516 0.525480509
1403636663313555456.000000 0.950084209 -0.187598392 1.150713205 -0.007933585 0.801330268 0.291698933 0.522224784
1403636663513555456.000000 0.951789379 -0.178433359 1.152555108 -0.037408929 0.802281559 0.288308889 0.521366298
1403636663663555584.000000 0.956928849 -0.169763863 1.155017614 -0.044067994 0.801431119 0.289950311 0.521243811
1403636663963555584.000000 0.980355501 -0.157254219 1.159030914 -0.057947520 0.810026467 0.255351007 0.524685800
1403636664113555456.000000 0.998133779 -0.157468438 1.163971186 -0.049297336 0.812751174 0.241604373 0.527856767
1403636664263555840.000000 1.018365264 -0.160719350 1.171609998 -0.028183604 0.811603904 0.238507956 0.532558680
1403636664513555456.000000 1.052503347 -0.158626735 1.193004012 -0.010645851 0.807262063 0.236567512 0.540601909
1403636664713555456.000000 1.078523874 -0.155783117 1.214772344 0.004833772 0.800169647 0.242886573 0.548371375
1403636664913555712.000000 1.100909233 -0.157664821 1.236000299 -0.003128023 0.796099126 0.242360339 0.554506898
1403636665163555584.000000 1.127766609 -0.167625964 1.262062311 -0.011522707 0.786934197 0.259549737 0.559674680
1403636665363555584.000000 1.149092317 -0.178969026 1.282302856 0.006894811 0.785483360 0.259802252 0.561668217
1403636665613555456.000000 1.174920440 -0.193804622 1.304506540 -0.015771447 0.790319204 0.249665797 0.559297562
1403636666063555840.000000 1.221402287 -0.225913599 1.349474311 0.016445916 0.791999102 0.256961107 0.553568482
1403636666313555456.000000 1.242947221 -0.236233726 1.376044869 0.013664763 0.795151472 0.248668745 0.552911639
1403636666563555840.000000 1.260018945 -0.243296519 1.402474165 0.016644837 0.790656388 0.256223500 0.555819154
1403636666963555584.000000 1.280529141 -0.264682144 1.436444759 0.000547941 0.775084496 0.289875895 0.561440706
1403636667713555456.000000 1.329273343 -0.273138463 1.489124417 -0.003907895 0.779382229 0.270332813 0.565215349
1403636668013555456.000000 1.348969936 -0.281172693 1.505314350 0.001922759 0.779724777 0.272186458 0.563861787
1403636668263555840.000000 1.366583586 -0.280376852 1.519350767 -0.011196592 0.785420120 0.265867978 0.558841705
1403636668863555584.000000 1.421222329 -0.265546709 1.559495687 -0.025181100 0.800640583 0.243128419 0.547018528
1403636669063555840.000000 1.441872001 -0.268950284 1.576053381 -0.011832844 0.802526951 0.238903761 0.546567082
1403636669313555456.000000 1.465904951 -0.276929945 1.601105928 -0.001162612 0.803124309 0.241175979 0.544815719
1403636669563555840.000000 1.487250566 -0.280944288 1.630763531 0.005775459 0.804973543 0.234638304 0.544911981
1403636669863555584.000000 1.503987789 -0.286644191 1.670826197 0.038033623 0.802003920 0.232761666 0.548785210
1403636670213555456.000000 1.504487753 -0.307454318 1.712285042 0.072890714 0.780947328 0.273834407 0.556617439
1403636670463555584.000000 1.490900159 -0.315793902 1.727043271 0.097738065 0.762597263 0.280552715 0.574615419
1403636670813555456.000000 1.447996855 -0.322757304 1.714679003 0.098096028 0.716176033 0.274788141 0.634003580
1403636671113555456.000000 1.393589735 -0.322656780 1.669630289 0.110946544 0.653977692 0.255815417 0.703251362
1403636672263555840.000000 1.185523748 -0.289412022 1.355270386 -0.092779562 0.583757281 0.193175524 0.783136368
1403636672663555584.000000 1.180694938 -0.290221691 1.297448158 -0.026262358 0.599306226 0.155453995 0.784841657
1403636673213555456.000000 1.176039696 -0.262050420 1.272051215 -0.045843765 0.546493292 0.166680247 0.819427311
1403636674163555584.000000 1.219671607 -0.275788277 1.308435678 -0.025526425 0.527930319 0.144011825 0.836599410
1403636676013555456.000000 1.370046496 -0.283439517 1.519303799 0.008510011 0.398433745 0.129326060 0.907993913
1403636676363555584.000000 1.399085999 -0.279557467 1.571560621 -0.026369253 0.339225441 0.066024974 0.938014627
1403636676913555712.000000 1.427834749 -0.299897194 1.659057021 -0.014092946 0.243935481 0.067075454 0.967366397
1403636677313555456.000000 1.448868513 -0.308260709 1.725013494 -0.007770868 0.243512079 0.040794738 0.969008386
1403636678363555584.000000 1.460816026 -0.347392619 1.837243676 -0.009452571 0.050193984 -0.006774079 0.998671770
1403636678663555584.000000 1.466893911 -0.362289250 1.856701374 -0.012501939 -0.006094942 -0.030633533 0.999433935
1403636679263555840.000000 1.462463140 -0.372955412 1.890581965 -0.000279614 -0.137754008 -0.088955440 0.986463726
1403636679813555456.000000 1.443791509 -0.386982411 1.902322531 -0.003719396 -0.242423132 -0.107836105 0.964151740
1403636680013555456.000000 1.440416813 -0.400141120 1.900748730 0.011901494 -0.242591262 -0.124469221 0.962037027
1403636680263555840.000000 1.434041739 -0.415537804 1.891142249 0.022496197 -0.233314484 -0.142010733 0.961712718
1403636680563555840.000000 1.420907021 -0.420523673 1.870816827 0.014616151 -0.218237400 -0.159547865 0.962654293
1403636680813555456.000000 1.400421619 -0.416452706 1.847660422 0.001009976 -0.223030463 -0.131151333 0.965948105
1403636681063555840.000000 1.375951171 -0.405868918 1.822502971 -0.037166808 -0.229503229 -0.104578607 0.966959238
1403636681363555584.000000 1.345670819 -0.391249537 1.799016833 -0.012423711 -0.226862684 -0.116532981 0.966850102
1403636681913555712.000000 1.286305904 -0.375842392 1.752878547 0.001315401 -0.235370114 -0.117088854 0.964826107
1403636682213555456.000000 1.254308343 -0.370917499 1.721109271 -0.003253881 -0.241895691 -0.111360408 0.963885248
1403636682713555456.000000 1.201410532 -0.355419606 1.670563459 -0.001436677 -0.236326247 -0.111484267 0.965255976
1403636682963555584.000000 1.175952673 -0.348484963 1.644877076 0.006300012 -0.230956942 -0.114217632 0.966216087
1403636683163555584.000000 1.155585527 -0.344196051 1.621685743 0.005393321 -0.230839118 -0.114919774 0.966166496
1403636683463555584.000000 1.124148250 -0.328871399 1.584890485 -0.001170855 -0.237681344 -0.109173603 0.965187728
1403636684213555456.000000 1.058225632 -0.295095950 1.482989788 -0.010806918 -0.252181679 -0.109212339 0.961436570
1403636684513555456.000000 1.026179075 -0.287191868 1.453642845 -0.002211921 -0.255948544 -0.105060473 0.960961878
1403636685013555456.000000 0.994069993 -0.259074688 1.396808267 0.002666099 -0.253951758 -0.113464616 0.960534811
1403636685563555840.000000 0.965783060 -0.236651689 1.324515700 -0.008351567 -0.240913123 -0.118335471 0.963269353
1403636685813555456.000000 0.949975133 -0.222030848 1.292465687 -0.003732947 -0.238262519 -0.120018452 0.963749290
1403636686063555840.000000 0.933771908 -0.202869624 1.260818362 -0.010101697 -0.241450593 -0.113082834 0.963748872
1403636686913555712.000000 0.879284799 -0.164491355 1.160357833 -0.014809427 -0.245296493 -0.106001131 0.963521719
1403636687213555456.000000 0.860757172 -0.160223275 1.130072474 -0.011539529 -0.247433558 -0.104138188 0.963223100
1403636687563555840.000000 0.843181729 -0.148389533 1.099165082 -0.005081163 -0.249075204 -0.104447260 0.962822139
1403636688813555456.000000 0.802950382 -0.048166145 1.006611347 -0.004568776 -0.247941837 -0.127522022 0.960334361
1403636689113555456.000000 0.786080003 -0.027988624 0.979856491 -0.016609374 -0.268299282 -0.123196535 0.955281258
1403636689363555584.000000 0.770488024 -0.021604136 0.956473827 -0.024015620 -0.282237291 -0.123181626 0.951100230
1403636689613555456.000000 0.753533006 -0.024505008 0.934229910 -0.028705172 -0.288196325 -0.123501316 0.949139774
1403636689863555584.000000 0.735327780 -0.029874299 0.916495442 -0.047033217 -0.291289985 -0.107224949 0.949442387
1403636690113555456.000000 0.719120383 -0.034288943 0.910264492 -0.043807372 -0.289345890 -0.101865292 0.950780392
1403636690363555584.000000 0.705595315 -0.041575689 0.912513852 -0.039006684 -0.281137943 -0.118894853 0.951474607
1403636690613555456.000000 0.691355646 -0.053141031 0.919815242 -0.038136043 -0.286046684 -0.103660814 0.951828420
1403636690813555456.000000 0.680614054 -0.058175366 0.931795239 -0.035521653 -0.296659589 -0.069986902 0.951752663
1403636691013555456.000000 0.676208675 -0.057936117 0.950450540 -0.009469838 -0.304478645 -0.047029529 0.951310337
1403636691313555456.000000 0.692210197 -0.066907279 0.979030013 0.032674607 -0.299036056 -0.075826555 0.950663030
1403636691663555584.000000 0.734553635 -0.089835785 0.997086585 -0.000973633 -0.295537978 -0.112227075 0.948715687
1403636692013555456.000000 0.780575514 -0.113690719 1.009118795 0.002152898 -0.296352595 -0.116510570 0.947942913
1403636692363555584.000000 0.827392578 -0.135535404 1.015880704 -0.001096448 -0.291629046 -0.121411845 0.948794246
1403636692663555584.000000 0.864091396 -0.165693507 1.014416695 -0.003158029 -0.285830945 -0.127090231 0.949809849
1403636693313555456.000000 0.922173321 -0.217097491 1.002019644 -0.024431862 -0.281005621 -0.139020175 0.949269414
1403636693963555584.000000 0.938754618 -0.236403167 1.013828993 -0.023491373 -0.289647996 -0.128101081 0.948231161
1403636694363555584.000000 0.938900948 -0.247115746 1.034419417 -0.007335686 -0.293873399 -0.122886032 0.947883785
1403636694863555584.000000 0.939217448 -0.256469280 1.055653214 -0.012908343 -0.292224765 -0.118046261 0.948948443
1403636695613555456.000000 0.949436784 -0.268044591 1.091675758 -0.006235991 -0.278358638 -0.126546949 0.952083766
1403636696063555840.000000 0.953932166 -0.269667506 1.108314753 -0.016279148 -0.274738282 -0.123934634 0.953359365
1403636696613555456.000000 0.952951908 -0.261449873 1.126710653 0.003770987 -0.273202449 -0.116462350 0.954873145
1403636697063555840.000000 0.953604579 -0.256649196 1.127875328 0.004394887 -0.264261156 -0.138347626 0.954466701
1403636698763555840.000000 0.866398990 -0.234772354 1.039862633 -0.017137730 -0.067742117 -0.056133248 0.995975077
1403636699813555456.000000 0.805645525 -0.206834257 1.009884000 -0.015697567 0.200901702 0.073997594 0.976686478
1403636701013555456.000000 0.831799924 -0.133777350 0.992620826 -0.009568350 0.294030070 0.088051774 0.951683581
1403636702313555456.000000 0.901840806 -0.117553055 0.967423856 -0.007675544 0.366934389 0.112394772 0.923400104
1403636703463555584.000000 0.981734097 -0.055544421 0.997923374 0.002944313 0.388347447 0.123678058 0.913171053
1403636704513555456.000000 1.062941432 -0.048574060 1.011661291 -0.024616405 0.380513430 0.113148741 0.917497158
1403636705363555584.000000 1.149209142 -0.050015792 1.064612150 -0.020264782 0.379114896 0.097092360 0.920018673
1403636705963555584.000000 1.217110038 -0.062667519 1.136731982 -0.008511790 0.375212103 0.111885950 0.920122266
1403636706563555840.000000 1.291002870 -0.074025795 1.205448508 -0.018150585 0.374859124 0.092531011 0.922273934
1403636707163555584.000000 1.357300520 -0.100859657 1.276338577 -0.021690903 0.382888526 0.098367117 0.918286324
1403636708063555840.000000 1.448994279 -0.172138512 1.406118035 -0.016065490 0.380153298 0.114767574 0.917634904
1403636708613555456.000000 1.511924386 -0.181235507 1.498775363 0.011251091 0.370562315 0.125131279 0.920271277
1403636709163555584.000000 1.574044228 -0.191214755 1.564993858 0.006261772 0.398235112 0.086274855 0.913195670
1403636709813555456.000000 1.606050014 -0.209598064 1.639678001 -0.015072650 0.397956103 0.091156937 0.912739933
1403636710213555456.000000 1.610751152 -0.226218253 1.692430735 -0.011625745 0.391051024 0.087718889 0.916105509
1403636710613555456.000000 1.606499553 -0.230488703 1.751794100 0.004969738 0.348489851 0.114403471 0.930291355
1403636711363555584.000000 1.596351624 -0.233696222 1.837535262 -0.000787616 0.272295445 0.048067056 0.961012065
1403636711763555840.000000 1.574996233 -0.249448687 1.868887663 0.024843514 0.279480636 0.042570069 0.958885431
1403636712163555584.000000 1.537177801 -0.264761090 1.883432150 0.014664679 0.271427840 0.081968591 0.958849847
1403636712513555456.000000 1.502016783 -0.285373062 1.882070184 0.012744408 0.245164678 0.038172074 0.968645871
1403636712863555584.000000 1.460540891 -0.304091632 1.871309757 0.022598261 0.215691194 0.035883784 0.975540400
1403636713313555456.000000 1.401406407 -0.311793506 1.845902205 0.010200042 0.208858773 0.040382333 0.977058470
1403636714413555712.000000 1.275175571 -0.328021914 1.735691428 -0.003182834 0.220673576 0.062742367 0.973322392
1403636715113555456.000000 1.226236582 -0.315527797 1.671308994 -0.032280695 0.111594871 0.008525082 0.993192792
1403636717063555840.000000 1.175959945 -0.289278656 1.541843176 -0.006073710 0.032338154 -0.013938942 0.999361336
1403636718213555456.000000 1.125008106 -0.252949834 1.431858897 -0.008012176 -0.077089034 -0.067698047 0.994690955
1403636719163555584.000000 1.043697000 -0.194624230 1.356840611 -0.003593951 -0.166838199 -0.086663656 0.982161641
1403636719863555584.000000 1.000649333 -0.159846231 1.298585415 -0.008780927 -0.157164529 -0.072182328 0.984891832
1403636720513555456.000000 0.976502299 -0.130732477 1.245946646 -0.015001407 -0.155001715 -0.068174675 0.985444963
1403636721113555456.000000 0.966269374 -0.115686141 1.208763003 -0.009900405 -0.116550885 -0.052363031 0.991753995
1403636722863555584.000000 0.977355480 -0.069418818 1.105985165 -0.006492367 -0.023347626 -0.041607022 0.998840153
1403636724113555456.000000 0.957562149 -0.050288700 1.012441397 -0.021396268 0.036513038 -0.010644712 0.999047399
1403636728363555584.000000 0.885871291 -0.129971936 0.772757769 0.000420818 0.098548084 -0.000122872 0.995132208
1403636729813555456.000000 0.807251930 -0.107509270 0.656916022 -0.003220659 0.029196301 -0.020342631 0.999361515
1403636731063555840.000000 0.731568456 -0.087549388 0.562491357 -0.026827037 0.019016057 0.006004235 0.999441206
1403636732313555456.000000 0.720789015 -0.051270325 0.541506767 -0.000789393 0.024829356 -0.012336017 0.999615312
1403636733663555584.000000 0.678716123 -0.041479707 0.437834769 -0.011034476 0.020269979 -0.022378720 0.999483168
1403636734863555584.000000 0.603166759 -0.025769224 0.326158732 -0.017569093 0.013056508 -0.022259900 0.999512553
1403636736613555456.000000 0.514632463 -0.046454456 0.240303934 -0.004000769 -0.018729359 -0.049432166 0.998593867
1403636737763555840.000000 0.443334937 -0.026992753 0.198415041 -0.021197746 -0.050569195 -0.029201530 0.998068511
1403636739313555456.000000 0.431956530 -0.045648526 0.190068945 -0.007205514 0.144091576 0.039451521 0.988751411
1403636740163555584.000000 0.469751656 -0.021367168 0.199797019 -0.007890522 0.244053692 0.059017487 0.967932045
1403636741313555456.000000 0.506132305 0.049008369 0.213126987 0.003632879 0.245341361 0.056470789 0.967783809
1403636742463555584.000000 0.526257753 0.112123385 0.228889585 -0.014366843 0.237707198 0.062654473 0.969207585
1403636743463555584.000000 0.549617052 0.143297777 0.262377799 -0.043137237 0.249553114 0.082569055 0.963869691
1403636744413555712.000000 0.607993543 0.190730065 0.344306558 0.006641205 0.290990174 0.087285519 0.952712893
1403636745313555456.000000 0.655351460 0.286309838 0.403760701 -0.010764403 0.278509468 0.079675280 0.957062423
1403636746213555456.000000 0.686791480 0.282049477 0.421875924 0.001152493 0.317070305 0.060539342 0.946467161
1403636747763555840.000000 0.646007717 0.224905670 0.450566530 -0.010788615 0.309299916 0.079833306 0.947546184
1403636748963555584.000000 0.636269271 0.147583559 0.484498203 0.006071497 0.316176265 0.108843185 0.942416549
1403636750163555584.000000 0.653985620 0.101718538 0.481437683 0.018066114 0.322676063 0.078453422 0.943079472
1403636751963555584.000000 0.589423060 -0.026685853 0.405740321 -0.024498388 0.281089813 0.092648081 0.954884648
1403636753213555456.000000 0.588782787 -0.090192102 0.386118859 -0.011384534 0.087671302 -0.016435152 0.995948851
1403636754963555584.000000 0.493686974 -0.089953527 0.345725328 0.003766885 -0.039493747 -0.053956367 0.997754872
1403636756363555584.000000 0.345307589 -0.069363654 0.247112289 -0.001336942 -0.056096982 -0.053148542 0.997008801
1403636757463555584.000000 0.220028937 -0.041920412 0.148591354 -0.004023472 -0.063874424 -0.058138132 0.996254921
1403636758063555840.000000 0.144922122 -0.036008760 0.087435566 -0.021976920 -0.097499415 -0.065894514 0.992808580
1403636758913555712.000000 0.046734054 -0.026240885 0.043699853 -0.016032921 -0.105352707 -0.047163475 0.993186474
1403636759513555456.000000 0.013453788 -0.001456555 0.042319812 -0.003297751 -0.109999798 -0.040211264 0.993112385
1403636759963555584.000000 0.011407485 0.014180656 0.036427472 -0.011440118 -0.106355526 -0.059652366 0.992471278
1403636761313555456.000000 0.003001632 0.056948174 0.018757833 -0.046118639 -0.104581058 -0.071280293 0.990885973
1403636761813555456.000000 -0.013758843 0.055557098 0.022491045 -0.008108251 -0.111944780 -0.043015666 0.992749870
1403636762313555456.000000 -0.021580743 0.049916144 0.021371311 -0.025578413 -0.094464481 -0.083698049 0.991673768
1403636762713555456.000000 -0.035770226 0.058496434 0.028541826 -0.016567798 -0.114885941 -0.022660231 0.992982030
