1403715273262143232.000000 0.000000000 0.000000000 0.000000000 -0.000000000 -0.000000000 -0.000000000 1.000000000
1403715278762143232.000000 -0.003759216 -0.029674724 0.009699461 0.025044668 0.003820084 0.009067667 0.999637902
1403715278812143104.000000 -0.004255871 -0.038828734 0.010667041 0.027845452 0.003102052 0.010381223 0.999553561
1403715278862142976.000000 -0.005272973 -0.048235070 0.011435232 0.031690039 0.002353951 0.011537783 0.999428391
1403715280212143104.000000 -0.009220067 -0.120538935 0.032213587 -0.003485326 0.005406237 -0.002272313 0.999976754
1403715281762143232.000000 -0.042567085 -0.250063568 0.153124750 0.006219435 0.234185502 0.094231255 0.967594445
1403715281912143104.000000 -0.042989105 -0.253626674 0.171748385 0.004303027 0.276424050 0.110752925 0.954622984
1403715282062142976.000000 -0.043312740 -0.256604731 0.194243193 0.002120481 0.316932708 0.128067330 0.939759493
1403715282762143232.000000 -0.036056831 -0.263184458 0.315554351 0.001644035 0.475142360 0.185675070 0.860094070
1403715284062142976.000000 -0.024495065 -0.264023274 0.529745162 0.002415926 0.638450503 0.259904355 0.724447966
1403715284462142976.000000 -0.010057807 -0.261001050 0.574195802 0.007871323 0.627668142 0.269913375 0.730148971
1403715284662142976.000000 0.004959762 -0.257934242 0.585534871 0.002456163 0.628234327 0.251945287 0.736097276
1403715284862142976.000000 0.021820307 -0.256659091 0.596871972 0.003205370 0.632508576 0.243520811 0.735268831
1403715285562142976.000000 0.054787040 -0.299173146 0.600044131 0.011322393 0.692732155 0.300057769 0.655712783
1403715285762143232.000000 0.061486602 -0.332502872 0.577446103 0.012009361 0.696284831 0.303545117 0.650310397
1403715285962142976.000000 0.072503984 -0.358644813 0.549018860 -0.001319030 0.702036798 0.293864965 0.648680210
1403715286412143104.000000 0.110234737 -0.392908692 0.486852884 -0.009130132 0.704540610 0.290635228 0.647356510
1403715286812143104.000000 0.165271521 -0.409328341 0.438734740 -0.002546844 0.725516617 0.281017601 0.628210366
1403715287012143104.000000 0.194140434 -0.413920492 0.421302766 -0.014851149 0.735153258 0.292266428 0.611481488
1403715287162142976.000000 0.217581213 -0.417559505 0.409213871 -0.015984934 0.741753995 0.291599602 0.603750885
1403715288012143104.000000 0.344052315 -0.461414993 0.348169088 0.009689107 0.802142859 0.311326414 0.509459376
1403715288362142976.000000 0.370837390 -0.460641056 0.315512002 0.004262647 0.833333850 0.319949925 0.450742364
1403715288562142976.000000 0.377854943 -0.446042120 0.305068910 0.006642811 0.836159527 0.323677272 0.442748338
1403715289562142976.000000 0.377232790 -0.354754448 0.256722480 -0.022272885 0.866365492 0.339664817 0.365434796
1403715289762143232.000000 0.384974658 -0.314712882 0.259762883 -0.023012485 0.873110473 0.349468261 0.339146614
1403715289962142976.000000 0.400217772 -0.288383931 0.258567005 -0.018849675 0.874239147 0.350943893 0.334946215
1403715290212143104.000000 0.427719116 -0.284403384 0.244034931 -0.020901732 0.870175242 0.347608119 0.348607033
1403715291462142976.000000 0.649515331 -0.263648212 0.127630562 0.025384508 0.876802981 0.355492830 0.322795659
1403715291662142976.000000 0.667707682 -0.242028400 0.101253062 0.021159267 0.879674673 0.365709096 0.303284675
1403715291862142976.000000 0.677850485 -0.214951977 0.067452252 0.004910405 0.884585142 0.365050375 0.290212452
1403715292062142976.000000 0.688091099 -0.185856223 0.030242771 -0.013442317 0.887250543 0.362705231 0.284694016
1403715292262143232.000000 0.703646183 -0.154011458 -0.005940139 -0.016680827 0.882150829 0.360864848 0.302172691
1403715292462142976.000000 0.724120617 -0.124419093 -0.044212401 -0.023632774 0.867990017 0.356448352 0.344933957
1403715292912143104.000000 0.793797016 -0.083522767 -0.126370668 -0.019011527 0.825483501 0.301137477 0.477003038
1403715293412143104.000000 0.873544931 -0.129016936 -0.204101026 0.012708619 0.754443765 0.284167379 0.591525197
1403715295262143232.000000 0.953794479 -0.028455272 -0.373224616 0.019145142 0.467700541 0.179760069 0.865202904
1403715295562142976.000000 0.946613908 -0.024420291 -0.399337888 0.013055973 0.403977722 0.153648064 0.901678324
1403715296462142976.000000 0.903950512 0.105367057 -0.453305066 -0.005026862 0.279812545 0.138503164 0.949998200
1403715296812143104.000000 0.925663292 0.123009175 -0.493253350 0.004347237 0.258668602 0.112536520 0.959378541
1403715297212143104.000000 0.962446213 0.140546575 -0.527473629 -0.006507974 0.197057724 0.096445650 0.975614786
1403715300312143104.000000 1.134831429 0.063155547 -0.373170793 0.049231138 -0.327969849 -0.123016484 0.935349703
1403715300562142976.000000 1.122772098 0.042746782 -0.338687211 0.052605335 -0.341039956 -0.110400088 0.932060242
1403715300862142976.000000 1.124000907 0.027384721 -0.309648335 0.050481107 -0.333383471 -0.107519373 0.935278952
1403715301712143104.000000 1.191078424 0.057637185 -0.333710968 0.033950180 -0.316211969 -0.114170127 0.941181481
1403715304262143232.000000 1.093984365 0.248705208 -0.659734488 0.031864479 -0.540335894 -0.182873428 0.820718646
1403715304662142976.000000 1.079730988 0.282890439 -0.669450045 0.032360572 -0.528377593 -0.190649271 0.826693952
1403715305012143104.000000 1.079239130 0.316601962 -0.676338077 0.032174364 -0.515989721 -0.194611326 0.833574176
1403715305312143104.000000 1.083005905 0.310319573 -0.701191962 0.023541195 -0.516568661 -0.195405751 0.833318233
1403715305762143232.000000 1.088364482 0.272288144 -0.743566871 0.021491421 -0.533281088 -0.197135538 0.822366774
1403715305962142976.000000 1.090444803 0.238253534 -0.765002549 0.020123163 -0.536052048 -0.200550124 0.819770038
1403715306762143232.000000 1.118351221 0.116953969 -0.767523944 0.046574924 -0.474586338 -0.135190055 0.868517280
1403715308062142976.000000 1.371968627 0.197103709 -0.746446669 0.006133973 -0.140252471 -0.070906922 0.987554491
1403715308412143104.000000 1.393755317 0.239378437 -0.735903502 0.005981945 -0.071938820 -0.046673492 0.996298492
1403715309262143232.000000 1.397968769 0.209411964 -0.676317990 0.021188665 -0.087363742 0.000416577 0.995951056
1403715310212143104.000000 1.498642802 0.149765760 -0.591709971 0.045383543 -0.110253565 -0.007092444 0.992841482
1403715310612143360.000000 1.584576368 0.142671376 -0.584279060 0.038448341 -0.039718356 -0.017496740 0.998317659
1403715311012143104.000000 1.657377481 0.141451657 -0.600565672 0.014691951 -0.015035396 -0.005072125 0.999766171
1403715311412143104.000000 1.725334406 0.137687832 -0.600451112 0.003048746 -0.013298274 0.018777855 0.999730587
1403715311862142976.000000 1.818307161 0.116641872 -0.570150971 0.007346991 -0.001828927 0.010398333 0.999917269
1403715312662142976.000000 1.971400738 0.060183711 -0.457324356 0.024432788 0.020728365 0.008583724 0.999449730
1403715313012143104.000000 2.026853561 0.042615443 -0.404876411 0.052510682 0.015156093 -0.014216778 0.998404145
1403715313512143104.000000 2.064328432 -0.011298085 -0.404421777 0.030147979 -0.002520020 -0.010856150 0.999483347
1403715313812143104.000000 2.071135759 -0.032335971 -0.419083655 0.025582023 0.018248208 -0.010399397 0.999452055
1403715314112143360.000000 2.068102837 -0.056614593 -0.436820477 0.020021889 0.032384466 0.001901100 0.999273121
1403715316212143104.000000 1.830073714 -0.075669304 -0.431947589 0.010637374 0.286073327 0.116588488 0.951028943
1403715317162142976.000000 1.759068012 -0.023812160 -0.339515448 0.007341930 0.444230646 0.165770799 0.880412042
1403715317562142976.000000 1.726712465 -0.014737815 -0.275377810 0.003032339 0.536008179 0.210563183 0.817526340
1403715317912143104.000000 1.701313496 -0.014171720 -0.224283457 0.017439391 0.600203872 0.256185323 0.757509232
1403715318262143232.000000 1.682438493 -0.004826665 -0.202437758 0.019716984 0.640542209 0.277370363 0.715809047
1403715318662142976.000000 1.671776056 0.020599365 -0.212265015 -0.020374224 0.676356077 0.282119840 0.680099785
1403715318962142976.000000 1.686000705 0.048174143 -0.225511074 -0.035730347 0.705948532 0.302215248 0.639551401
1403715319262143232.000000 1.734472513 0.071510732 -0.237350464 -0.030421259 0.748584449 0.292142898 0.594431221
1403715319562142976.000000 1.803997278 0.080889881 -0.243350029 -0.026624903 0.785680413 0.298783392 0.541041493
1403715319862142976.000000 1.883033991 0.068940818 -0.242070675 -0.021830892 0.801184237 0.306205779 0.513678193
1403715320512143104.000000 2.080474854 -0.023555100 -0.226257563 0.002767008 0.860500574 0.317520976 0.398386210
1403715320762143232.000000 2.140104771 -0.056530476 -0.207812786 0.030675704 0.883032501 0.339463383 0.322610080
1403715321012143104.000000 2.177355766 -0.084292650 -0.188488960 0.044171482 0.888616979 0.359129697 0.281841546
1403715321362142976.000000 2.185549498 -0.106186628 -0.178947687 0.027779853 0.890811205 0.366133809 0.267637342
1403715321762143232.000000 2.146550179 -0.114445150 -0.199697375 0.024452802 0.894116342 0.354454607 0.272616923
1403715322062142976.000000 2.082850933 -0.118694544 -0.236705899 0.037692927 0.901717842 0.351141393 0.249367028
1403715322412143104.000000 1.967394829 -0.110538721 -0.286045194 -0.015154034 0.906599402 0.364594817 0.211939856
1403715322762143232.000000 1.857288122 -0.058326125 -0.331430197 -0.028879335 0.910085678 0.376209795 0.171394929
1403715323112143360.000000 1.784928560 -0.019808650 -0.405509353 -0.037264396 0.912454605 0.371675611 0.167018473
1403715323412143104.000000 1.753176928 0.017901897 -0.481023550 -0.041410718 0.913388908 0.367612422 0.169902712
1403715323662142976.000000 1.753718972 0.038631320 -0.557314634 -0.035562485 0.918938100 0.354556829 0.169048950
1403715323912143104.000000 1.771388769 0.046729326 -0.631447077 -0.023491912 0.937255025 0.305100381 0.167077690
1403715324212143104.000000 1.795748830 0.042398036 -0.676236033 -0.007631158 0.939360380 0.297694802 0.170063645
1403715326462142976.000000 1.659226179 -0.031558096 -0.617238283 -0.015342803 0.926286817 0.335679382 0.170518860
1403715326712143104.000000 1.622816086 -0.022615492 -0.610222578 -0.014659582 0.931829989 0.322440743 0.165861130
1403715327312143104.000000 1.525049090 -0.019173861 -0.552984476 0.012021636 0.916624188 0.368809551 0.153737172
1403715327612143360.000000 1.454115152 -0.015268207 -0.542014122 0.007558755 0.914091349 0.372363865 0.160390466
1403715327862142976.000000 1.387113094 -0.004050136 -0.543261886 -0.006662691 0.908051252 0.367736548 0.200420514
1403715328162142976.000000 1.309262276 0.012007117 -0.557302713 -0.015250443 0.903888404 0.347060949 0.249603540
1403715328512143104.000000 1.229841709 0.023980737 -0.571669579 -0.024231337 0.912353992 0.325452417 0.247191846
1403715328912143104.000000 1.160711884 0.023623526 -0.550908446 -0.021779561 0.894382834 0.346717179 0.281766295
1403715329212143104.000000 1.131986022 0.020690680 -0.525491953 -0.010463442 0.861538291 0.337540150 0.379089653
1403715329712143104.000000 1.102136970 0.033851385 -0.483381867 -0.008254043 0.828625262 0.331743300 0.450841904
1403715330162142976.000000 1.090924263 0.064149976 -0.455510139 -0.002310941 0.827228725 0.326988965 0.456908613
1403715330762143232.000000 1.093356371 0.077792406 -0.447812438 0.011088818 0.825236619 0.324778765 0.461931199
1403715331262143232.000000 1.080360532 0.032513261 -0.474322200 0.018770866 0.771714985 0.318576634 0.550102293
1403715331762143232.000000 1.049104452 -0.026454747 -0.553641081 -0.004140414 0.757571816 0.294728965 0.582411170
1403715333362142976.000000 1.044951677 0.029911786 -0.849198103 0.024114491 0.740226686 0.263545722 0.618083000
1403715333862142976.000000 0.998555124 0.090449959 -0.945077896 0.004870775 0.726325750 0.289306641 0.623481333
1403715334412143104.000000 0.949566483 0.137823135 -1.053184986 0.002322607 0.692123413 0.287490398 0.662049115
1403715334912143104.000000 0.941844821 0.179479748 -1.169974089 -0.002946321 0.691921949 0.277227461 0.666618526
1403715335412143104.000000 0.956133127 0.228283092 -1.272814393 -0.007229512 0.683841765 0.271749318 0.677097082
1403715335962142976.000000 0.997823715 0.273395091 -1.365925312 0.001604527 0.646922588 0.261177361 0.716432095
1403715336462142976.000000 1.044351339 0.317529142 -1.446508646 0.003313490 0.635054410 0.249179497 0.731166542
1403715337012143104.000000 1.096733570 0.348454863 -1.526534319 0.001614423 0.636810303 0.246716872 0.730479836
1403715337562142976.000000 1.160181165 0.348724663 -1.587501287 0.009467181 0.586345613 0.254236579 0.769072771
1403715338212143104.000000 1.275491476 0.362840623 -1.664928794 0.013187992 0.590782523 0.238168389 0.770764470
1403715338662142976.000000 1.355366945 0.372083306 -1.721588373 0.018148089 0.549583256 0.226377890 0.803978801
1403715339112143360.000000 1.433555841 0.386191189 -1.789322615 0.001833576 0.505616963 0.204174697 0.838248670
1403715339712143104.000000 1.552228689 0.431263804 -1.856614351 -0.000136146 0.508164108 0.198548704 0.838061750
1403715340262143232.000000 1.638928771 0.461226732 -1.862550735 -0.009072081 0.481103301 0.159413919 0.862000287
1403715340662142976.000000 1.668595552 0.420103431 -1.828072906 0.002050875 0.386210173 0.157917932 0.908790112
1403715341112143360.000000 1.721982241 0.377873123 -1.779212117 0.004655701 0.371148288 0.171787083 0.912532985
1403715341562142976.000000 1.805698872 0.341400355 -1.739600420 0.015961519 0.407618612 0.151644900 0.900331140
1403715342062142976.000000 1.864145160 0.308521032 -1.695426226 0.007176087 0.413032562 0.150642291 0.898142278
1403715342562142976.000000 1.895081520 0.279159933 -1.634125471 -0.008416117 0.369889438 0.153754383 0.916226268
1403715343062142976.000000 1.940033317 0.242804646 -1.544282794 0.009011392 0.309556007 0.119370826 0.943315685
1403715343512143104.000000 1.976015806 0.216635048 -1.445538640 -0.001347571 0.301481873 0.118182823 0.946118236
1403715344262143232.000000 2.032286882 0.153114945 -1.249992013 0.018977581 0.279582351 0.089839518 0.955720901
1403715345562142976.000000 1.782781839 0.058929671 -0.917495072 0.024640705 0.228489548 0.078909330 0.970030248
1403715346262143232.000000 1.542525291 0.029339675 -0.778634369 -0.002199844 0.223979592 0.093749948 0.970071793
1403715348362142976.000000 1.052828312 -0.154642746 -0.499670476 0.019031150 0.034870993 0.045098353 0.998192370
1403715349062142976.000000 1.028321266 -0.100681722 -0.406815082 0.023113465 -0.033956274 0.025618404 0.998827517
1403715349962142976.000000 1.161204338 -0.009518018 -0.333791733 0.029208640 -0.105756521 -0.025037173 0.993647635
1403715350612143360.000000 1.266356111 0.051192831 -0.312471390 -0.008333111 -0.130751923 -0.082138903 0.987971544
1403715351212143104.000000 1.253570557 0.055932008 -0.234712541 0.004074264 -0.132590294 -0.075794250 0.988260329
1403715351762143232.000000 1.147548318 0.018291127 -0.156155407 0.037836857 -0.138938293 -0.072525084 0.986916721
1403715352412143104.000000 0.972354889 -0.035774864 -0.118090548 0.014920999 -0.231129721 -0.066155389 0.970556498
1403715353512143104.000000 0.811560929 -0.128024548 -0.040124420 0.031979568 -0.246539995 -0.086898379 0.964698970
1403715354062142976.000000 0.765637577 -0.101074576 -0.017387550 0.030387634 -0.258315831 -0.096827358 0.960715353
1403715354712143104.000000 0.729628384 -0.062512614 0.013989527 0.017475130 -0.263704628 -0.097646967 0.959489226
1403715355212143104.000000 0.710957766 -0.131370023 0.025304710 0.017515378 -0.278377563 -0.095231839 0.955578387
1403715355762143232.000000 0.698314905 -0.197046399 0.046495989 0.025470061 -0.378490478 -0.142176807 0.914265811
1403715356212143104.000000 0.687313318 -0.241028458 0.073156253 0.029026054 -0.381926566 -0.173373997 0.907320797
1403715356762143232.000000 0.620440483 -0.266475856 0.089217827 0.007430982 -0.379069418 -0.147635147 0.913485110
1403715357212143104.000000 0.542033672 -0.292128444 0.118830189 0.014882878 -0.468548924 -0.172213927 0.866361797
1403715357562142976.000000 0.481395185 -0.333711565 0.150756121 0.028468914 -0.492815107 -0.200419873 0.846259236
1403715358012143104.000000 0.388451487 -0.366550237 0.183660284 0.041921336 -0.488421232 -0.224010527 0.842322171
1403715358312143104.000000 0.308907151 -0.365955919 0.189257979 0.024568552 -0.491876900 -0.212327093 0.844020545
1403715358612143360.000000 0.208992898 -0.361266464 0.182185650 0.040308215 -0.507918000 -0.224734277 0.830595613
1403715358912143104.000000 0.096976474 -0.352374166 0.160659298 0.042317912 -0.547428012 -0.199402496 0.811646700
1403715359212143104.000000 0.003344312 -0.333989054 0.142782629 0.040413886 -0.561431885 -0.199911803 0.801995218
1403715359562142976.000000 -0.079333931 -0.310227275 0.122034691 0.056253802 -0.552358031 -0.214407280 0.803595483
1403715359912143104.000000 -0.139719367 -0.292447388 0.076538920 0.043130334 -0.552865386 -0.205969334 0.806260765
1403715360212143104.000000 -0.176260680 -0.278934896 0.026571244 0.032601628 -0.552971840 -0.209128350 0.805868864
1403715360462142976.000000 -0.205522805 -0.267875850 -0.015506655 0.019159691 -0.544987261 -0.186908826 0.817121029
1403715360812143104.000000 -0.230181322 -0.270496815 -0.043369830 0.018864699 -0.484152377 -0.163104683 0.859440267
1403715361162142976.000000 -0.241013914 -0.282230556 -0.048136838 0.027116310 -0.391137362 -0.146969780 0.908116817
1403715361812143104.000000 -0.279343277 -0.296062529 -0.056006748 0.015794389 -0.255607069 -0.108556375 0.960536897
1403715362112143360.000000 -0.285535991 -0.297722846 -0.048515879 0.008177659 -0.206824049 -0.084470078 0.974690616
1403715362412143104.000000 -0.299270362 -0.293963820 -0.026255781 0.007718085 -0.133488283 -0.058621906 0.989284992
1403715362812143104.000000 -0.452503920 -0.279195726 -0.007313487 0.008612471 0.001099606 0.001326005 0.999961436
1403715363212143104.000000 -0.532111049 -0.289361626 0.021964807 0.027002376 0.071357906 0.093534566 0.992688358
1403715363862142976.000000 -0.515961587 -0.320836574 0.026964752 0.023151979 0.222596765 0.107943080 0.968639731
1403715364712143104.000000 -0.416708827 -0.345802009 -0.041092053 0.026428511 0.340184748 0.158918619 0.926456034
1403715365412143104.000000 -0.327460378 -0.363500476 -0.133859575 0.014086320 0.427262127 0.156404912 0.890385389
1403715366462142976.000000 -0.281725854 -0.342909127 -0.282068193 0.025952762 0.540567815 0.228466541 0.809268773
1403715367512143104.000000 -0.210509390 -0.265229702 -0.515470564 -0.006280921 0.513859510 0.231198505 0.826109111
1403715368712143104.000000 0.099073052 -0.179382026 -0.770226717 0.023640018 0.522093892 0.212598532 0.825627565
1403715369762143232.000000 0.342669547 -0.060704108 -1.024099231 -0.005661492 0.382377028 0.154376164 0.911001563
1403715371112143360.000000 0.686393499 0.010725338 -1.136828899 -0.015539603 0.367973894 0.155839875 0.916552067
1403715372512143104.000000 1.178149939 0.020515691 -1.065329671 0.012589314 0.331442833 0.134437263 0.933763266
1403715373412143104.000000 1.505716085 -0.024870913 -1.036311388 0.018484507 0.309647918 0.128854796 0.941898584
1403715374362142976.000000 1.747454882 -0.049999766 -0.986336231 0.015834786 0.141314849 0.051419508 0.988501608
1403715375412143104.000000 1.868481278 -0.118015140 -0.820868194 0.010980530 0.119075231 0.036195863 0.992164493
1403715376162142976.000000 1.865414619 -0.172457308 -0.627475619 0.022689072 0.134625882 0.048153743 0.989465654
1403715376662142976.000000 1.837773204 -0.187942192 -0.518150330 0.027993474 0.130658388 0.036933538 0.990343750
1403715377062142976.000000 1.791270375 -0.190141812 -0.460138112 0.051951949 0.118434072 0.028917672 0.991180182
1403715377412143104.000000 1.721289992 -0.184813410 -0.432564110 0.034944195 0.107904971 0.026830679 0.993184566
1403715379012143104.000000 1.305903316 -0.123269439 -0.469819278 -0.006520256 0.091494896 0.046082344 0.994717360
1403715380462142976.000000 0.952101290 -0.232316032 -0.353385687 0.019863350 0.101051189 0.035239227 0.994058549
1403715381062142976.000000 0.741773903 -0.276285857 -0.295625389 0.026072230 0.104554102 0.026463032 0.993825138
1403715381662142976.000000 0.540202200 -0.302017570 -0.258730114 0.032608539 0.114320323 0.040177632 0.992095411
1403715382462142976.000000 0.273598373 -0.321365535 -0.207745045 -0.001542572 0.211725324 0.080769755 0.973984718
1403715383862142976.000000 -0.025688715 -0.416146606 0.091388173 0.012104449 0.371371746 0.163299754 0.913930893
1403715385662142976.000000 0.060766995 -0.500367522 0.288484633 0.012821225 0.640904367 0.275902092 0.716209054
1403715386712143104.000000 0.191395015 -0.502110124 0.197326854 0.034347128 0.648342431 0.255337596 0.716432154
1403715388612143360.000000 0.287870765 -0.207920879 -0.344826549 0.004622858 0.625204146 0.252865642 0.738347828
1403715389612143360.000000 0.436021030 -0.064499579 -0.662802219 0.002303966 0.620174587 0.235978082 0.748126090
1403715390962142976.000000 0.684548438 0.068999588 -0.893428624 -0.013299450 0.430608362 0.173864722 0.885534108
1403715392362142976.000000 1.229211330 0.017889353 -0.889064908 0.000517361 0.325196952 0.137020960 0.935666621
1403715393462142976.000000 1.646092057 -0.051660031 -0.849004984 0.022193167 0.086159855 0.001357348 0.996033192
1403715394512143104.000000 1.741324663 -0.051871546 -0.815486431 0.039446689 -0.234896705 -0.099399664 0.966119707
1403715395312143104.000000 1.725076079 -0.022631496 -0.863364100 0.025605613 -0.488329232 -0.198257461 0.849454522
1403715395912143104.000000 1.669784904 0.032245874 -0.906648874 0.020655224 -0.593768060 -0.238127545 0.768315136
1403715396312143104.000000 1.612837791 0.065499723 -0.924854398 0.013159751 -0.609722376 -0.219765276 0.761425495
1403715396712143104.000000 1.555289984 0.087053806 -0.922819257 0.037827332 -0.613490939 -0.239850715 0.751444995
1403715397112143360.000000 1.501939058 0.123744249 -0.928961873 0.010563629 -0.630120635 -0.259582728 0.731746674
1403715397662142976.000000 1.377562761 0.160433888 -0.912883043 -0.013307326 -0.645114422 -0.236853883 0.726326764
1403715398062142976.000000 1.254447579 0.146485537 -0.861375809 0.031726081 -0.646175742 -0.225705251 0.728359461
1403715398412143104.000000 1.169127107 0.137533963 -0.806527853 0.041914422 -0.638800204 -0.226583615 0.734055400
1403715398762143232.000000 1.112767100 0.135248423 -0.759445667 0.063848794 -0.627231658 -0.231850550 0.740776002
1403715400012143104.000000 1.160006523 0.192857355 -0.864892960 0.016435253 -0.610510051 -0.263534367 0.746697366
1403715400312143104.000000 1.156772375 0.208246797 -0.931650162 0.030784642 -0.574721038 -0.258495361 0.775840342
1403715400662142976.000000 1.122304440 0.235236198 -1.029308796 0.017892402 -0.508716226 -0.225125730 0.830786347
1403715401062142976.000000 1.045695305 0.279382557 -1.145190835 -0.013703505 -0.426823288 -0.166916147 0.888691843
1403715401512143104.000000 0.918129325 0.305262506 -1.237031937 -0.003333011 -0.395682603 -0.165350720 0.903373301
1403715401962142976.000000 0.758817136 0.293702543 -1.282652736 0.017903225 -0.387415111 -0.127052620 0.912932992
1403715402462142976.000000 0.614518523 0.283078551 -1.299988747 0.048323411 -0.352641970 -0.142348185 0.923604608
1403715402962142976.000000 0.490804553 0.299659550 -1.355311275 0.032062959 -0.317274928 -0.113808632 0.940933704
1403715403462142976.000000 0.376103014 0.310308337 -1.408524394 -0.002982876 -0.304378539 -0.114003651 0.945699751
1403715403962142976.000000 0.260457069 0.284973413 -1.383113623 -0.014634280 -0.219051912 -0.072028816 0.972940922
1403715404462142976.000000 0.143685237 0.234013394 -1.293634057 0.017309094 -0.119381666 -0.066320322 0.990479708
1403715405062142976.000000 -0.041474752 0.194737270 -1.179205179 0.030554172 -0.090043366 -0.019153100 0.995284796
1403715405912143104.000000 -0.210162461 0.171615541 -1.041545749 -0.006097928 0.158282265 0.069789872 0.984905541
1403715406612143360.000000 -0.279482007 0.166285485 -0.894722939 0.002920812 0.341011137 0.163602695 0.925708950
1403715407562142976.000000 -0.234569237 0.175121382 -0.723535419 -0.021743452 0.497027844 0.220834866 0.838881671
1403715408062142976.000000 -0.130284876 0.128199011 -0.630559981 -0.008844277 0.503345132 0.196316287 0.841442466
1403715408612143360.000000 -0.009198591 0.022709738 -0.517818570 0.021655845 0.484728545 0.183625489 0.854898214
1403715409312143104.000000 0.065931439 -0.021517310 -0.395446956 0.035640623 0.330578834 0.132572681 0.933740795
1403715410162142976.000000 0.105452240 -0.119049937 -0.375794977 -0.008188169 0.337462932 0.139992192 0.930835068
1403715412462142976.000000 0.112629950 -0.126476467 -0.227480590 0.014435858 0.308423519 0.128669649 0.942396224
1403715413312143104.000000 0.086630061 -0.085036248 -0.228953630 0.015086185 0.312290519 0.126153678 0.941452205
1403715414312143104.000000 0.060364544 0.003331667 -0.217958614 -0.006944615 0.314554751 0.128975213 0.940410793
1403715415012143104.000000 0.043646365 -0.001201441 -0.183044121 0.021108018 0.311774135 0.153262824 0.937476337
1403715415512143104.000000 0.052014105 0.042060405 -0.160045177 0.015517457 0.338111997 0.127265170 0.932332098
1403715416012143104.000000 0.054202061 0.058574330 -0.153284013 0.015550067 0.344473004 0.117877625 0.931236506
