1403638518077829376.000000 -0.538949966 -0.172621757 -0.920025706 -0.005798057 0.001361644 0.005606931 0.999966562
1403638522077829376.000000 -0.544914842 -0.181641549 -0.917615235 -0.008157660 -0.002606874 0.002679776 0.999959767
1403638522177829632.000000 -0.553553283 -0.226328626 -0.936788261 -0.010222440 -0.006157585 0.003808851 0.999921560
1403638522227829760.000000 -0.556068420 -0.268637925 -0.951710820 -0.006849113 -0.008445482 0.004750959 0.999929607
1403638522277829376.000000 -0.558459818 -0.326159269 -0.970381320 -0.001833917 -0.011776928 0.006058092 0.999910653
1403638522327829504.000000 -0.558230698 -0.398214370 -0.993438065 0.003608720 -0.015164988 0.007186774 0.999852717
1403638522377829632.000000 -0.557653666 -0.480710417 -1.020211458 0.006603863 -0.018106949 0.007705292 0.999784529
1403638522427829504.000000 -0.556385696 -0.569015622 -1.050393462 0.006976759 -0.022389056 0.008985696 0.999684632
1403638522477829376.000000 -0.554882348 -0.665293813 -1.082475662 0.004678026 -0.026985073 0.011822118 0.999554992
1403638522827829504.000000 -0.550595343 -1.383516073 -1.281453252 0.017113732 -0.053004541 0.017558943 0.998293221
1403638522877829632.000000 -0.551564813 -1.494569421 -1.312244892 0.021187462 -0.057458278 0.023056967 0.997856736
1403638523727829760.000000 -0.350144297 -1.027214050 -1.176600575 -0.000227148 -0.039945327 0.005216983 0.999188244
1403638525077829376.000000 -0.333604157 -2.021667480 -1.449717164 0.039682046 -0.034371357 -0.011134726 0.998558939
1403638525277829376.000000 -0.319399267 -1.705393553 -1.340671539 0.036963008 -0.037991971 -0.020268649 0.998388469
1403638525627829504.000000 -0.356584072 -0.975545228 -1.121373653 -0.021494213 -0.056658566 -0.014843852 0.998051822
1403638525727829760.000000 -0.356584489 -0.829654753 -1.070378065 -0.022160741 -0.052975841 -0.012236139 0.998274922
1403638525927829504.000000 -0.344381005 -0.646457434 -1.001117587 -0.010255225 -0.036841344 -0.012256464 0.999193370
1403638526077829376.000000 -0.233585879 -0.611381233 -1.009605050 -0.012689467 -0.028955543 -0.014695890 0.999392152
1403638526377829632.000000 0.246864870 -0.730902433 -1.124413490 -0.007693528 -0.007615022 0.003307774 0.999935925
1403638526677829632.000000 0.957353890 -0.792510033 -1.287990689 0.018708697 0.015279306 0.024878195 0.999398649
1403638527277829376.000000 2.473693609 -0.742518663 -1.569797039 0.006940792 0.086728320 0.045088816 0.995186925
1403638527427829504.000000 2.598703384 -0.774330735 -1.567853808 0.016174739 0.111616619 0.042429499 0.992713392
1403638527877829632.000000 1.888669014 -0.886287391 -1.297151685 0.014301528 0.094246209 0.039618559 0.994657457
1403638529727829760.000000 -0.137163669 -0.701454043 -0.913438201 -0.039468095 0.064990364 0.019674536 0.996910930
1403638529827829504.000000 -0.180308267 -0.603804648 -0.906244159 -0.028168980 0.064710535 0.020968931 0.997286022
1403638529927829504.000000 -0.210328251 -0.530553520 -0.886589706 -0.019098330 0.065053068 0.021386167 0.997469783
1403638530027829760.000000 -0.222779766 -0.488531739 -0.840651035 -0.018547466 0.065832220 0.021012384 0.997437060
1403638530227829760.000000 -0.218239933 -0.451076716 -0.697003543 -0.023982821 0.072346613 0.026416030 0.996741235
1403638530377829632.000000 -0.196312919 -0.426771164 -0.583790481 -0.022885036 0.079852030 0.030995378 0.996061862
1403638530527829760.000000 -0.169895217 -0.411823809 -0.497529417 -0.022635683 0.082285270 0.036331028 0.995689154
1403638530627829504.000000 -0.151077762 -0.398886144 -0.462217033 -0.025329158 0.085167408 0.037504949 0.995338321
1403638530777829376.000000 -0.134250492 -0.371322304 -0.425753087 -0.035447810 0.086797364 0.039679497 0.994804144
1403638530927829504.000000 -0.127296865 -0.350257128 -0.402762055 -0.034735087 0.084238432 0.040613580 0.995011508
1403638531377829632.000000 -0.144916236 -0.331933141 -0.387225330 -0.016910577 0.085225701 0.034726035 0.995612741
1403638533927829504.000000 -0.143773288 -0.330310524 -0.388850629 -0.015484158 0.084917761 0.034198567 0.995680511
1403638534077829376.000000 -0.143141016 -0.330569893 -0.388578296 -0.015669610 0.085124113 0.034626946 0.995645165
1403638538827829504.000000 -0.143342361 -0.334534824 -0.386438191 -0.013552651 0.084135957 0.034732439 0.995756567
1403638538977829376.000000 -0.145205274 -0.354483604 -0.371645540 -0.003511155 0.084336959 0.033501916 0.995867789
1403638539127829504.000000 -0.139922947 -0.394653827 -0.334587485 0.011807074 0.086167343 0.034948364 0.995597541
1403638540927829504.000000 -0.141483620 -2.114418983 1.086535573 0.010828124 -0.014158997 -0.031658996 0.999339819
1403638541177829632.000000 -0.318069726 -2.353235245 1.581213355 0.014020246 -0.064954363 -0.051430184 0.996463418
1403638541577829376.000000 -0.861316085 -2.742815971 2.397709131 0.017068023 -0.079374336 -0.057577066 0.995034337
1403638541927829504.000000 -1.585273623 -3.476723194 2.926258564 0.018551946 -0.119680688 -0.059489314 0.990854919
1403638542177829632.000000 -2.230893612 -3.937752485 3.289835691 0.015647408 -0.173502758 -0.077511974 0.981653631
1403638542427829504.000000 -2.874923468 -4.244276047 3.650822401 0.025172235 -0.231063336 -0.104976267 0.966931283
1403638542827829504.000000 -4.027133465 -4.652418137 4.159769535 0.038726222 -0.260724306 -0.127497271 0.956173420
1403638543027829760.000000 -4.680905819 -4.930277824 4.209426403 0.022889981 -0.265471816 -0.117320850 0.956680000
1403638543277829376.000000 -5.543414593 -5.261083126 4.286985874 0.019621400 -0.263824940 -0.110948160 0.957967579
1403638543477829376.000000 -6.230316639 -5.416650772 4.359427452 0.017720636 -0.267725259 -0.113056742 0.956675172
1403638543677829632.000000 -6.959775448 -5.485911369 4.456616402 0.018422492 -0.294323146 -0.129683092 0.946687281
1403638543927829504.000000 -7.905943871 -5.659754753 4.531498432 0.023860492 -0.348670393 -0.157927200 0.923535943
1403638544177829632.000000 -8.867198944 -5.972962379 4.455325127 0.017367449 -0.389814138 -0.161204740 0.906507790
1403638544677829632.000000 -10.887242317 -6.399746418 4.716313839 0.029004058 -0.405102283 -0.157360122 0.900160432
1403638545027829760.000000 -12.273612022 -6.682851791 4.888529778 0.022205010 -0.407353222 -0.160673708 0.898751497
1403638545227829760.000000 -13.040515900 -6.780444145 5.087619781 0.021855280 -0.408555001 -0.162693158 0.897850811
1403638545377829632.000000 -13.639084816 -6.785206795 5.242806435 0.027067484 -0.409689665 -0.161431953 0.897419333
1403638545527829760.000000 -14.215826035 -6.726513386 5.389459610 0.025516205 -0.414689273 -0.162081450 0.895048261
1403638545677829632.000000 -14.764401436 -6.716778755 5.484042645 0.022981545 -0.432620049 -0.168591589 0.885374844
1403638545827829504.000000 -15.338876724 -6.773454666 5.589478493 0.022573926 -0.459294975 -0.182195172 0.869104981
1403638545927829504.000000 -15.720416069 -6.855957985 5.637665749 0.022512145 -0.479988933 -0.194339946 0.855181754
1403638546277829376.000000 -17.023017883 -7.148069382 5.737516403 0.024374664 -0.528115034 -0.222012818 0.819274485
1403638546527829760.000000 -18.031600952 -7.198978424 5.897169113 0.019127144 -0.538958073 -0.220120683 0.812837839
1403638546677829632.000000 -18.620286942 -7.236141205 5.960901260 0.020396866 -0.546776474 -0.224449873 0.806375682
1403638546827829504.000000 -19.245470047 -7.351809978 6.011732101 0.022363847 -0.553779840 -0.230108246 0.799923718
1403638546977829376.000000 -19.869739532 -7.498893261 6.045838356 0.024892369 -0.556665897 -0.236164749 0.796071470
1403638547377829632.000000 -21.645784378 -7.567929268 6.083302498 0.029498179 -0.556260824 -0.243168548 0.794086218
1403638547577829376.000000 -22.561775208 -7.511135101 6.072050095 0.019460190 -0.558733463 -0.232806563 0.795763373
1403638547827829504.000000 -23.783353806 -7.288806438 6.063997269 0.023599643 -0.554786265 -0.236418888 0.797346473
1403638548077829376.000000 -25.009658813 -7.067549229 6.040266037 0.022401521 -0.558795571 -0.236870468 0.794442058
1403638548327829504.000000 -26.286096573 -7.058439255 5.830959320 0.019243782 -0.582563341 -0.243868366 0.775098622
1403638548527829760.000000 -27.343603134 -7.150997162 5.575014114 0.017960893 -0.606994450 -0.253488392 0.752979875
1403638548777829376.000000 -28.732393265 -7.178812027 5.278759003 0.018831054 -0.623119771 -0.259019285 0.737750828
1403638548977829376.000000 -29.850234985 -7.249245644 5.059726715 0.018253090 -0.627660394 -0.260287374 0.733457386
1403638549227829760.000000 -31.322641373 -7.516729355 4.666975021 0.017115414 -0.628473043 -0.258990943 0.733247817
1403638549477829376.000000 -32.833999634 -7.841374397 4.233762741 0.013729474 -0.629115939 -0.252139539 0.735153258
1403638549727829760.000000 -34.342864990 -8.110068321 3.895429611 0.017654182 -0.628720701 -0.249656498 0.736254156
1403638549977829376.000000 -35.846881866 -8.439886093 3.548957825 0.012879326 -0.627684951 -0.250186116 0.737056732
1403638550227829760.000000 -37.351711273 -8.966920853 3.189956665 0.010233092 -0.628778994 -0.249572471 0.736373425
1403638550477829376.000000 -38.830589294 -9.529504776 2.886722565 0.011281867 -0.631044567 -0.247511432 0.735114634
1403638550677829632.000000 -40.037837982 -9.972663879 2.696067810 0.011996510 -0.635137677 -0.238476858 0.734564543
1403638550877829632.000000 -41.204067230 -10.327296257 2.580181122 0.020399777 -0.638973236 -0.228587762 0.734196603
1403638551127829504.000000 -42.591712952 -10.769702911 2.576225281 0.031106999 -0.643950224 -0.216069162 0.733263016
1403638551377829632.000000 -43.780117035 -11.254154205 2.575130463 0.021435967 -0.639909983 -0.211947814 0.738331795
1403638551627829504.000000 -44.820880890 -11.696610451 2.745670319 0.006532328 -0.606154442 -0.191720665 0.771866143
1403638551977829376.000000 -46.054214478 -12.301616669 3.399366379 0.013799481 -0.547980249 -0.168517068 0.819224834
1403638552277829376.000000 -46.854549408 -13.074979782 4.098884583 0.015560525 -0.526313007 -0.172068805 0.832553208
1403638552577829376.000000 -47.456443787 -13.899366379 4.907827377 0.026195623 -0.531565726 -0.154065758 0.832475543
1403638552877829632.000000 -47.777538300 -14.523812294 5.961257935 0.029689923 -0.534118235 -0.161413506 0.829326212
1403638553577829376.000000 -47.502132416 -15.773385048 8.578798294 0.067512199 -0.539808869 -0.173730880 0.820893466
1403638553877829632.000000 -46.766353607 -16.533134460 9.466785431 0.065112151 -0.537975788 -0.182299942 0.820432305
1403638554227829760.000000 -45.606117249 -17.289331436 10.261157990 0.044716351 -0.532734096 -0.195220873 0.822243035
1403638554577829376.000000 -44.323478699 -17.786388397 11.064088821 0.029064715 -0.528932154 -0.209214956 0.821958184
1403638554927829504.000000 -43.115779877 -18.326580048 11.734603882 0.022830296 -0.535358191 -0.192719355 0.822027743
1403638555277829376.000000 -41.872432709 -18.844627380 12.543575287 0.020830043 -0.510535836 -0.183626831 0.839762211
1403638555777829376.000000 -40.087993622 -19.330974579 13.888244629 0.022361746 -0.489763767 -0.182568371 0.852232456
1403638556177829632.000000 -38.719799042 -20.078979492 14.830722809 0.015697302 -0.489157319 -0.188760683 0.851380110
1403638556577829376.000000 -37.513206482 -20.690486908 15.846069336 -0.003930483 -0.486234486 -0.193797424 0.852058232
1403638556927829504.000000 -36.697288513 -21.442745209 16.910602570 0.003078958 -0.495427787 -0.167702615 0.852301419
1403638557327829504.000000 -35.798942566 -22.387207031 18.494161606 0.010985998 -0.495613217 -0.172783896 0.851112604
1403638557677829632.000000 -35.028186798 -23.191093445 19.936571121 0.023892269 -0.489686310 -0.189033955 0.850824714
1403638558027829760.000000 -34.261001587 -24.018135071 21.361896515 0.021479229 -0.486911327 -0.194938540 0.851149261
1403638558427829504.000000 -33.629673004 -24.836341858 22.974481583 -0.005744158 -0.479084283 -0.210279256 0.852190077
1403638558677829632.000000 -33.533657074 -25.569625854 23.918256760 -0.013174033 -0.480533242 -0.201658681 0.853374481
1403638559077829376.000000 -33.656711578 -26.828874588 25.642328262 0.007361662 -0.485507548 -0.186858654 0.853997707
1403638559227829760.000000 -33.793972015 -27.179319382 26.392660141 0.015595568 -0.485566765 -0.189048931 0.853371084
1403638559477829376.000000 -33.962123871 -27.651479721 27.626659393 0.024682401 -0.484096855 -0.197719321 0.852025926
1403638559627829504.000000 -34.122070312 -27.857273102 28.377412796 0.028646680 -0.484301805 -0.199019775 0.851482451
1403638559777829376.000000 -34.288776398 -28.045000076 29.100639343 0.030241428 -0.485282332 -0.199271411 0.850809872
1403638560027829760.000000 -34.594757080 -28.428909302 30.201946259 0.026492422 -0.476795077 -0.190089911 0.857805610
1403638560177829632.000000 -34.786300659 -28.570323944 30.883163452 0.026978996 -0.451675683 -0.176057160 0.874222577
1403638560277829376.000000 -34.932846069 -28.641592026 31.348331451 0.027721249 -0.428771824 -0.165026158 0.887779593
1403638560377829632.000000 -35.053367615 -28.700866699 31.796407700 0.034159422 -0.405299306 -0.150900275 0.900996506
1403638560977829376.000000 -35.470684052 -28.889524460 34.356163025 0.042226072 -0.267489105 -0.061730679 0.960653901
1403638561077829376.000000 -35.437397003 -28.985288620 34.697216034 0.047268543 -0.245595887 -0.051586479 0.966843903
1403638561177829632.000000 -35.356178284 -29.111364365 35.029724121 0.052398939 -0.226389557 -0.043237049 0.971664906
1403638561327829504.000000 -35.161308289 -29.307966232 35.455787659 0.056027137 -0.207973257 -0.034456432 0.975920498
1403638561477829376.000000 -34.947891235 -29.449604034 35.817745209 0.044823185 -0.193180948 -0.047216538 0.979000807
1403638561927829504.000000 -34.044883728 -29.569810867 36.874618530 0.037534870 -0.182223707 -0.065715194 0.980340362
1403638562227829760.000000 -33.405426025 -29.561532974 37.483818054 0.038384583 -0.150645733 -0.055673234 0.986272275
1403638562377829632.000000 -33.118099213 -29.583927155 37.719051361 0.040630136 -0.133439124 -0.047280286 0.989094436
1403638562527829760.000000 -32.777065277 -29.667232513 37.891334534 0.039876055 -0.108686186 -0.033364262 0.992715538
1403638562677829632.000000 -32.462940216 -29.797910690 38.030540466 0.038963668 -0.078071468 -0.011537504 0.996119261
1403638562977829376.000000 -31.725090027 -29.940301895 38.230953217 0.038806859 -0.007168423 0.028679201 0.998809397
1403638563177829632.000000 -31.165500641 -29.942472458 38.323986053 0.037621848 0.033678576 0.053625442 0.997283638
1403638563477829376.000000 -30.157690048 -29.720132828 38.434165955 0.062467422 0.065842777 0.067526475 0.993580759
1403638563777829376.000000 -29.010187149 -29.390468597 38.227172852 0.051620897 0.067277692 0.066244975 0.994193435
1403638563927829504.000000 -28.369239807 -29.303115845 37.985267639 0.052387089 0.062098671 0.067962110 0.994374454
1403638564077829376.000000 -27.679979324 -29.193895340 37.692653656 0.053407431 0.055399761 0.068435803 0.994683385
1403638564227829760.000000 -26.981264114 -29.028787613 37.365421295 0.055592738 0.050432924 0.063221700 0.995172858
1403638564427829504.000000 -25.948610306 -28.801841736 36.816448212 0.061356533 0.046281274 0.053960793 0.995581090
1403638564627829504.000000 -24.861160278 -28.592706680 36.146926880 0.058404669 0.041132428 0.055703785 0.995888591
1403638564777829376.000000 -23.999666214 -28.392089844 35.584651947 0.055543009 0.038146835 0.063713335 0.995690942
1403638564977829376.000000 -22.792020798 -27.944684982 34.858909607 0.056862842 0.037389208 0.069594741 0.995251358
1403638565177829632.000000 -21.467134476 -27.214447021 34.166313171 0.054698866 0.035937853 0.071709022 0.995276034
1403638565377829632.000000 -20.166990280 -26.402755737 33.419528961 0.050571587 0.039651472 0.067603648 0.995640516
1403638565577829376.000000 -18.731887817 -25.481273651 32.645084381 0.056435805 0.046473175 0.059232075 0.995563567
1403638565777829376.000000 -17.226491928 -24.677263260 31.693777084 0.052606627 0.058066085 0.038744930 0.996172547
1403638565977829376.000000 -15.799245834 -23.936716080 30.697551727 0.045539152 0.064983614 0.031610824 0.996345401
1403638566177829632.000000 -14.413228035 -23.206245422 29.625183105 0.042017255 0.066141501 0.033294957 0.996369064
1403638566377829632.000000 -13.048859596 -22.268133163 28.619947433 0.041385058 0.065499023 0.031266876 0.996503711
1403638566577829376.000000 -11.755930901 -21.192146301 27.654676437 0.037317529 0.060350724 0.031599488 0.996978819
1403638566827829504.000000 -10.230593681 -19.753168106 26.610744476 -0.006892526 0.055594601 0.027748143 0.998044014
1403638566977829376.000000 -9.346281052 -18.842205048 26.003471375 -0.019676341 0.052508160 0.025550179 0.998099685
1403638567227829760.000000 -7.898759365 -17.486394882 25.268302917 0.025418565 0.053264707 0.019128002 0.998073637
1403638567377829632.000000 -7.006145000 -16.648128510 24.875417709 0.035003323 0.055044398 0.015495247 0.997749865
1403638567477829376.000000 -6.495865822 -16.079257965 24.615123749 0.033786360 0.057216927 0.014536268 0.997684002
1403638567627829504.000000 -5.705238342 -15.298995972 24.210933685 0.024743067 0.059916716 0.014255621 0.997794867
1403638567777829376.000000 -4.978516102 -14.558197021 23.750387192 0.016872671 0.062895373 0.012688657 0.997796834
1403638567927829504.000000 -4.279490471 -13.964407921 23.330574036 0.010124562 0.062673829 0.015759032 0.997858286
1403638568127829504.000000 -3.437591314 -13.265399933 22.773197174 0.011364973 0.065102994 0.012408555 0.997736692
1403638568327829504.000000 -2.643625498 -12.756548882 22.216985703 0.011971038 0.066603206 0.010182442 0.997655749
1403638568477829376.000000 -2.106076241 -12.364476204 21.847576141 0.009307476 0.066364601 0.010293844 0.997698963
1403638568627829504.000000 -1.667203903 -11.933330536 21.539411545 0.006039563 0.067521647 0.008845741 0.997660339
1403638568927829504.000000 -0.860898495 -11.254994392 21.033048630 0.003720159 0.066913433 0.007799795 0.997721374
1403638569227829760.000000 -0.251609921 -10.905478477 20.608421326 0.001977219 0.068571217 0.003566621 0.997637868
1403638569327829504.000000 -0.119541779 -10.810160637 20.503795624 0.000755976 0.069759190 0.002743079 0.997559786
1403638569577829376.000000 0.186653838 -10.567468643 20.371328354 0.005408647 0.070480905 0.001225190 0.997497737
1403638569927829504.000000 0.364528865 -10.444726944 20.276391983 0.012562640 0.071035810 0.000302671 0.997394621
1403638571077829376.000000 0.651727259 -9.396731377 20.703702927 0.055225138 0.186910808 0.140357435 0.970728755
1403638571227829760.000000 1.036553502 -9.053789139 20.594032288 0.040556520 0.221042082 0.136492059 0.964813709
1403638571377829632.000000 1.452473998 -8.767781258 20.390321732 0.034907915 0.243665636 0.130549535 0.960398555
1403638571527829760.000000 1.898684025 -8.562026978 20.113140106 0.038754251 0.254530400 0.130182475 0.957478404
1403638571677829632.000000 2.380799294 -8.333721161 19.822486877 0.034583811 0.269002467 0.135320291 0.952958584
1403638571977829376.000000 3.418415546 -7.757505417 19.151262283 0.024544869 0.315968722 0.164862350 0.934013784
1403638572177829632.000000 4.203537941 -7.475023270 18.634004593 0.024292067 0.355304092 0.179550320 0.917022645
1403638572377829632.000000 5.095502377 -7.170814514 17.996774673 0.012522210 0.395775884 0.193070948 0.897735119
1403638572577829376.000000 5.997424126 -6.809064865 17.375793457 0.004215912 0.428026587 0.197092131 0.882003546
1403638572777829376.000000 6.986560345 -6.533900738 16.776712418 -0.004214560 0.441690952 0.194070771 0.875915468
1403638572977829376.000000 8.006588936 -6.361648083 16.190746307 -0.012408030 0.443869233 0.190117210 0.875603557
1403638573177829632.000000 9.041095734 -6.231018543 15.685987473 -0.016649291 0.440614104 0.189240590 0.877365410
1403638573327829504.000000 9.859889984 -6.130661011 15.393392563 -0.016300140 0.437291116 0.187866405 0.879327595
1403638573477829376.000000 10.699900627 -6.050539017 15.123275757 -0.018988052 0.439737588 0.186554447 0.878332376
1403638573677829632.000000 11.876525879 -6.101365089 14.818397522 -0.022225363 0.443850547 0.184675723 0.876582921
1403638573877829632.000000 13.084346771 -6.256337166 14.575959206 -0.012296957 0.466113865 0.180818468 0.865962684
1403638574027829760.000000 14.041666031 -6.331767082 14.487067223 0.009404258 0.491345137 0.192709267 0.849326015
1403638574227829760.000000 15.276922226 -6.397320271 14.382159233 0.040692989 0.527772129 0.225048810 0.818018138
1403638574477829376.000000 16.707561493 -6.295364857 14.193466187 0.037677120 0.579521000 0.249117464 0.775033116
1403638574727829760.000000 18.027210236 -6.176803589 13.824159622 0.028441841 0.614669621 0.252377003 0.746778548
1403638574927829504.000000 18.998500824 -6.167563915 13.475635529 0.009645413 0.622663081 0.255560666 0.739517689
1403638575227829760.000000 20.412277222 -6.052278042 12.992935181 0.016516339 0.615251660 0.273245931 0.739276290
1403638575477829376.000000 21.642677307 -5.769680977 12.608634949 0.007890620 0.609107256 0.275791824 0.743548930
1403638575677829632.000000 22.670253754 -5.521345139 12.227550507 -0.005808434 0.606773555 0.267736018 0.748404682
1403638575827829504.000000 23.491682053 -5.415927887 11.939308167 -0.018893734 0.605803132 0.263114452 0.750610650
1403638575977829376.000000 24.363065720 -5.403607368 11.619810104 -0.019591115 0.604208112 0.262061179 0.752245128
1403638576177829632.000000 25.597427368 -5.510653496 11.195995331 -0.017152358 0.604605854 0.259841859 0.752754867
1403638576377829632.000000 26.896160126 -5.602897644 10.848812103 -0.021014612 0.608731091 0.250224173 0.752590656
1403638576527829760.000000 27.881019592 -5.649509430 10.662981033 -0.030944213 0.611980736 0.242524698 0.752132833
1403638576677829632.000000 28.906318665 -5.664701462 10.542240143 -0.036969263 0.613980293 0.236953110 0.752007127
1403638576827829504.000000 29.926923752 -5.689439774 10.502292633 -0.027297907 0.617157817 0.228791773 0.752346575
1403638576977829376.000000 30.992179871 -5.704439163 10.572185516 -0.011800407 0.617239892 0.230819136 0.752062619
1403638577177829632.000000 32.354560852 -5.752991676 10.717323303 -0.000398160 0.614676416 0.239274502 0.751611888
1403638577377829632.000000 33.668590546 -5.945475578 10.854803085 -0.009162158 0.617576420 0.231002167 0.751766860
1403638577577829376.000000 34.928844452 -6.235896111 11.037784576 -0.013452850 0.618077099 0.228839830 0.751952171
1403638577777829376.000000 36.158626556 -6.451300621 11.320983887 -0.009423717 0.614602208 0.235868439 0.752689481
1403638578027829760.000000 37.732913971 -6.646885872 11.876752853 -0.008872302 0.614427745 0.233528689 0.753567636
1403638578277829376.000000 39.189521790 -7.036982536 12.368461609 0.007554489 0.607172012 0.248684198 0.754613340
1403638578527829760.000000 40.624549866 -7.382061005 12.886508942 0.011861129 0.606898546 0.252106994 0.753641605
1403638578827829504.000000 42.343074799 -7.612137794 13.545364380 0.002783695 0.612201810 0.240978017 0.753080904
1403638579327829504.000000 44.974403381 -8.155808449 14.583003998 0.003766736 0.612116337 0.235492334 0.754879296
1403638579627829504.000000 46.401710510 -8.605529785 15.247680664 0.028776012 0.603519022 0.241351992 0.759398401
1403638580627829504.000000 49.748138428 -8.760927200 17.610157013 0.038405135 0.330881029 0.136515304 0.932955742
1403638581177829632.000000 50.805820465 -8.874348640 18.409049988 0.019647434 0.286490738 0.117264383 0.950676680
1403638582327829504.000000 52.537948608 -10.115098000 19.402263641 0.030055685 0.309340388 0.110129431 0.944074512
1403638582627829504.000000 52.629257202 -10.663415909 19.414556503 0.037553884 0.310497046 0.105746023 0.943927526
1403638584777829376.000000 50.146678925 -13.647598267 20.158006668 0.044537876 0.312610179 0.101845853 0.943355024
1403638585077829376.000000 49.169086456 -13.859563828 20.070688248 0.023042435 0.308757812 0.112819716 0.944144785
1403638585327829504.000000 48.330783844 -13.897384644 20.073068619 0.029044932 0.308564067 0.113439687 0.943968236
1403638586127829504.000000 45.664733887 -14.432688713 20.082275391 0.016251268 0.307307899 0.121296957 0.943708062
1403638586377829632.000000 44.924522400 -14.659873962 20.105304718 0.028015902 0.311692208 0.111803643 0.943166494
1403638587077829376.000000 42.548789978 -14.719136238 20.488456726 0.032693706 0.312040448 0.111130081 0.942980349
1403638587377829632.000000 41.416477203 -14.672152519 20.600254059 0.025224602 0.310513437 0.112257466 0.943580091
1403638588427829504.000000 37.357139587 -14.332530975 21.072826385 0.023698213 0.314217120 0.106211379 0.943093419
1403638588777829376.000000 35.896869659 -14.473571777 21.169137955 0.028534623 0.311314464 0.113941446 0.943019867
1403638589177829632.000000 34.208045959 -14.475400925 21.238660812 0.029050747 0.312323630 0.115683250 0.942458212
1403638589377829632.000000 33.376102448 -14.367145538 21.293857574 0.031240566 0.312115461 0.115841016 0.942437708
1403638589727829760.000000 31.886598587 -14.312679291 21.255443573 0.027483683 0.311273485 0.117399260 0.942640424
1403638590177829632.000000 29.989255905 -14.341524124 21.152412415 0.025554344 0.313535005 0.119160771 0.941723704
1403638590527829760.000000 28.528942108 -14.084345818 21.161029816 0.024936134 0.314290553 0.120657094 0.941297829
1403638590977829376.000000 26.766778946 -14.035206795 21.023174286 0.016189137 0.312276155 0.124751583 0.941625476
1403638591527829760.000000 24.854877472 -14.117655754 20.983243942 -0.020100577 0.307924300 0.140354604 0.940786481
1403638592077829376.000000 23.830104828 -14.200743675 21.694927216 -0.005904184 0.308762580 0.138049617 0.941048920
1403638592627829504.000000 23.510412216 -15.291290283 22.332559586 0.018591218 0.249646693 0.117432982 0.961010098
1403638592877829632.000000 23.567031860 -15.913537979 22.495923996 -0.001142339 0.228982255 0.109788194 0.967218935
1403638593227829760.000000 23.831420898 -16.670148849 22.918165207 0.001938108 0.225786358 0.103193350 0.968693912
1403638593477829376.000000 24.092700958 -17.299440384 23.256004333 0.017709251 0.237787500 0.081750937 0.967708826
1403638594027829760.000000 24.465023041 -18.469093323 24.169853210 0.051965579 0.229485184 0.080674678 0.968569994
1403638594177829632.000000 24.446365356 -18.798479080 24.304407120 0.039204065 0.221616581 0.079396591 0.971105218
1403638594777829376.000000 24.215549469 -20.072061539 24.469766617 0.038937300 0.210888624 0.076178290 0.973759055
1403638595227829760.000000 23.807600021 -20.569583893 24.388051987 0.032418136 0.211960942 0.081708387 0.973316729
1403638595477829376.000000 23.561517715 -20.635499954 24.407232285 0.031286098 0.212331742 0.082586326 0.973198831
1403638595977829376.000000 23.015064240 -20.628761292 24.369821548 0.027695643 0.216764271 0.070595182 0.973274112
1403638596227829760.000000 22.676528931 -20.421405792 24.421766281 0.021314306 0.227165461 0.042713050 0.972685575
1403638596477829376.000000 22.112380981 -20.396217346 24.438297272 0.018690584 0.235038817 0.017039929 0.971656859
1403638596727829760.000000 21.214145660 -20.664068222 24.473440170 0.014171450 0.241072342 -0.003189880 0.970398486
1403638596977829376.000000 19.829427719 -21.120763779 24.567596436 0.017563103 0.244341329 -0.011910162 0.969457090
1403638597227829760.000000 18.031063080 -21.597015381 24.786247253 0.023394531 0.247235075 -0.013423095 0.968580067
1403638597477829376.000000 15.810080528 -21.992551804 25.199321747 0.035103489 0.242879942 0.005090843 0.969407618
1403638597677829632.000000 13.751054764 -22.255470276 25.620689392 0.047697581 0.237645999 0.025843682 0.969835758
1403638597927829504.000000 11.075153351 -22.331735611 26.167827606 0.040069714 0.234430239 0.001708840 0.971305311
1403638598127829504.000000 8.678864479 -22.494752884 26.535140991 0.041481443 0.218811691 0.008752638 0.974845707
1403638598327829504.000000 6.201166630 -22.713190079 26.812023163 0.039727833 0.198393896 0.043299317 0.978359222
1403638598577829376.000000 3.034785509 -22.773118973 27.049232483 0.033676684 0.187120572 0.053918991 0.980277777
1403638598827829504.000000 -0.054585665 -22.741914749 27.421001434 0.033716824 0.159099624 0.041456115 0.985815346
1403638599127829504.000000 -3.708857536 -22.865493774 27.645555496 0.032386009 0.106202997 0.018604517 0.993642807
1403638599627829504.000000 -9.617910385 -23.242044449 27.902982712 0.019110123 0.034711115 -0.009718332 0.999167383
1403638600227829760.000000 -16.242237091 -23.375873566 28.466918945 0.005996754 0.025044359 0.034113117 0.999086142
1403638600677829632.000000 -20.293828964 -23.502479553 29.169233322 -0.004870232 0.019792492 0.064691149 0.997697175
1403638601077829376.000000 -22.906534195 -24.095306396 29.958076477 -0.022049192 0.032853842 0.018696344 0.999042034
1403638601427829504.000000 -24.930562973 -24.629905701 31.027940750 0.006421081 0.029653750 -0.002201437 0.999537170
1403638601827829504.000000 -27.209810257 -25.490579605 32.318714142 0.027013121 -0.053728398 -0.040137995 0.997382820
1403638602277829376.000000 -29.893264771 -26.527492523 33.590728760 0.041727934 -0.141659915 -0.088267744 0.985088885
1403638603027829760.000000 -33.758972168 -27.952852249 33.853813171 0.095671088 -0.333812803 -0.080645211 0.934297800
1403638603427829504.000000 -34.449665070 -28.140344620 32.989494324 0.042226024 -0.376400054 -0.123297885 0.917244554
1403638603827829504.000000 -34.740726471 -27.840557098 32.226753235 0.067188822 -0.381128877 -0.142389193 0.911016881
1403638604177829632.000000 -34.746196747 -27.240192413 31.383127213 0.091718055 -0.373448640 -0.159145147 0.909283698
1403638604577829376.000000 -34.558395386 -26.551486969 29.720205307 0.051826630 -0.377979606 -0.151559517 0.911852598
1403638604977829376.000000 -34.311103821 -25.774818420 27.832757950 0.026795624 -0.379280627 -0.145826861 0.913325071
1403638605377829632.000000 -34.027690887 -25.326463699 26.053153992 0.014080438 -0.372821987 -0.164056256 0.913176358
1403638605727829760.000000 -33.999023438 -24.836311340 24.696933746 0.056028157 -0.364806086 -0.186202705 0.910552561
1403638606227829760.000000 -34.472267151 -24.092477798 22.170415878 0.057995379 -0.356474280 -0.198821142 0.911061406
1403638606777829376.000000 -35.749774933 -22.560741425 19.123979568 -0.005391736 -0.380186677 -0.178563014 0.907493412
1403638607827829504.000000 -39.958705902 -20.004571915 15.191211700 0.020266676 -0.480925381 -0.179059550 0.858042955
1403638608377829632.000000 -41.922912598 -18.318466187 14.294258118 0.043165728 -0.474821031 -0.171319515 0.862166643
1403638609427829504.000000 -44.092765808 -15.237221718 13.040735245 0.026334923 -0.477929801 -0.160893500 0.863135517
1403638609977829376.000000 -44.436233521 -13.655482292 12.893667221 0.029283281 -0.474435121 -0.167844087 0.863644719
1403638610527829760.000000 -44.315521240 -12.505603790 12.841035843 0.047587432 -0.477427959 -0.157828972 0.863068938
1403638611127829504.000000 -43.272563934 -11.138923645 12.781681061 0.044473965 -0.482902765 -0.154168874 0.860847831
1403638611727829760.000000 -41.449825287 -10.066984177 12.599668503 0.049965326 -0.470675498 -0.184971109 0.861251235
1403638612377829632.000000 -39.236961365 -9.016935349 11.954767227 0.027073070 -0.472531915 -0.169108883 0.864513040
1403638612977829376.000000 -37.126571655 -8.056531906 11.603151321 0.046056088 -0.461479545 -0.173246458 0.868850470
1403638613627829504.000000 -34.807071686 -7.423287868 10.743188858 0.041358620 -0.456311762 -0.165132150 0.873384476
1403638614427829504.000000 -31.574153900 -5.980684280 9.906246185 0.035445862 -0.365644395 -0.127196342 0.921340823
1403638615077829376.000000 -28.475574493 -5.809310913 8.794510841 0.006617083 -0.269127578 -0.072365597 0.960359216
1403638615777829376.000000 -24.740766525 -6.327828407 7.938785553 0.030799925 -0.078710020 -0.019464413 0.996231556
1403638616127829504.000000 -22.914339066 -6.540887356 7.584187031 0.029143434 -0.034805514 0.000300393 0.998969078
1403638616877829632.000000 -18.925420761 -5.332355976 7.299605370 -0.013371640 0.057312727 0.060530480 0.996429920
1403638617977829376.000000 -12.998425484 -5.684016228 7.964555740 -0.005602990 0.050834436 0.018195568 0.998525620
1403638618777829376.000000 -9.518916130 -7.106381416 9.720808029 -0.000470200 0.055005617 0.014452673 0.998381376
1403638619727829760.000000 -6.139002800 -8.532817841 13.010395050 0.026926916 0.200815976 0.098651253 0.974277079
1403638620477829376.000000 -3.764477253 -8.919285774 14.940661430 0.033347469 0.216567084 0.100185297 0.970540881
1403638621427829504.000000 -0.442105412 -9.059439659 16.110992432 0.028406473 0.205598816 0.076597288 0.975220561
1403638622727829760.000000 2.304685831 -8.276556015 16.409475327 0.060962465 0.209088102 0.064750180 0.973844588
1403638623927829504.000000 2.281553268 -7.314651012 12.895952225 0.033558521 0.210564360 0.077451482 0.973929048
1403638625077829376.000000 1.583509326 -5.465730667 8.478350639 0.031461969 0.193567336 0.080495059 0.977272928
1403638626227829760.000000 0.568367064 -3.754886150 3.467754364 0.010152350 0.190747768 0.086195685 0.977794766
1403638627377829632.000000 0.494091928 -1.972088933 0.163815230 -0.002221311 0.193214849 0.071250312 0.978563488
1403638629027829760.000000 0.189029649 -0.750649333 -0.915067792 0.019049386 0.198264480 0.076275967 0.976990461
1403638630227829760.000000 0.035012063 -0.387681901 -0.828055441 0.027169479 0.203216031 0.070735030 0.976197541
1403638631477829376.000000 -0.169294909 -0.306024373 -0.392941743 -0.017733129 0.192548618 0.071060784 0.978550434
