1403637150638319104.000000 10.121651649 2.799832344 -20.287635803 -0.544126689 -0.617190123 -0.373596847 0.428284794
1403637150788318976.000000 10.139138222 2.846944809 -20.252475739 -0.544767559 -0.615654886 -0.376485676 0.427148670
1403637151038319104.000000 10.162562370 2.927299738 -20.203393936 -0.537953496 -0.608765721 -0.387434602 0.435780793
1403637152338319104.000000 10.286060333 3.207839012 -19.933391571 -0.542773187 -0.618990242 -0.366774559 0.433272302
1403637152588318976.000000 10.319050789 3.270720959 -19.929698944 -0.541746497 -0.620193005 -0.367544860 0.432183176
1403637152888318976.000000 10.362038612 3.358151436 -19.938606262 -0.539131463 -0.614094317 -0.370482743 0.441551954
1403637153138319104.000000 10.407905579 3.417352200 -19.909589767 -0.536493123 -0.615634382 -0.373742640 0.439870387
1403637154288318976.000000 10.577725410 3.679358482 -19.847454071 -0.556337774 -0.615131497 -0.347202450 0.437666625
1403637154388318976.000000 10.594582558 3.707474709 -19.863384247 -0.557194293 -0.615102589 -0.346734256 0.436988145
1403637154638319104.000000 10.653534889 3.793588877 -19.904067993 -0.545007944 -0.617105365 -0.369623572 0.430727065
1403637154938319104.000000 10.728150368 3.913069010 -19.940530777 -0.563438118 -0.614896595 -0.378287792 0.401669055
1403637155338319104.000000 10.803184509 4.127359390 -19.900024414 -0.583196342 -0.576498032 -0.406574100 0.402777493
1403637156338319104.000000 11.076413155 4.609961987 -19.979213715 -0.693712354 -0.429239959 -0.464582980 0.344498217
1403637156788318976.000000 11.337354660 4.706514835 -20.066141129 -0.739684403 -0.344622552 -0.506993413 0.277596712
1403637159638319104.000000 14.159502029 4.222918510 -20.301654816 -0.785843253 -0.245884493 -0.532909930 0.194931716
1403637160488318976.000000 15.202139854 3.746791124 -20.410785675 -0.806676865 -0.126102924 -0.567610025 0.105780385
1403637160938319104.000000 15.711747169 3.489485502 -20.513681412 -0.826444566 -0.048966680 -0.559876859 0.033610422
1403637161138319104.000000 15.944554329 3.400208950 -20.503999710 -0.829226255 -0.031643946 -0.556306481 0.043651644
1403637162188318976.000000 17.189136505 2.668477774 -20.240137100 0.782358050 -0.020645333 0.622343004 -0.013369768
1403637163188318976.000000 17.591356277 1.601722240 -20.295015335 0.777703345 -0.110255517 0.615803957 0.061699398
1403637163438319104.000000 17.536943436 1.306098342 -20.347095490 0.765475631 -0.181796879 0.607009351 0.111967616
1403637163538319104.000000 17.496526718 1.196252704 -20.373310089 0.764388144 -0.209284782 0.598138332 0.118916243
1403637163638319104.000000 17.446756363 1.088987947 -20.395566940 0.768896401 -0.232029319 0.583750665 0.119146392
1403637164038319104.000000 17.191947937 0.616127193 -20.383052826 0.769362211 -0.269916713 0.569239259 0.105799578
1403637164138319104.000000 17.115600586 0.477190852 -20.357635498 0.766837656 -0.266521990 0.573641658 0.108909369
1403637164238319104.000000 17.031541824 0.330517769 -20.326843262 0.766808927 -0.260020643 0.575714588 0.113781072
1403637164738319104.000000 16.540700912 -0.460177481 -20.221702576 0.779935241 -0.237872183 0.568276286 0.110362940
1403637164888318976.000000 16.378379822 -0.717689812 -20.220659256 0.776805699 -0.228071094 0.571727276 0.132983238
1403637164988318976.000000 16.265954971 -0.890420377 -20.227098465 0.773892045 -0.232371405 0.571127892 0.144594982
1403637165188318976.000000 16.039194107 -1.234240174 -20.249629974 0.759890378 -0.256171942 0.572110653 0.172139645
1403637166288318976.000000 14.944881439 -2.767187595 -20.262689590 0.770692945 -0.269246370 0.516682446 0.258027196
1403637166988318976.000000 14.655901909 -3.102067947 -20.407812119 0.783689022 -0.211311579 0.523248851 0.259595156
1403637168488318976.000000 15.216334343 -1.539089441 -20.635694504 0.783140361 -0.205391645 0.562114537 0.168916225
1403637169238319104.000000 15.713582993 -0.559846222 -20.921175003 0.793721855 -0.187449723 0.551043928 0.176688313
1403637171088318976.000000 16.366346359 2.930719614 -21.306331635 -0.738768280 -0.256794900 -0.589797318 0.201039925
1403637171488318976.000000 16.111089706 3.559609652 -21.318496704 -0.714156568 -0.318948925 -0.577928901 0.232916728
1403637171638319104.000000 15.980889320 3.752085924 -21.297796249 -0.711189330 -0.327788949 -0.579016328 0.226945460
1403637171988318976.000000 15.579596519 4.139086723 -21.295049667 -0.707865536 -0.322553128 -0.591353595 0.212571830
1403637172138319104.000000 15.364227295 4.282487869 -21.311250687 -0.709930301 -0.315874010 -0.592833459 0.211591914
1403637172288318976.000000 15.124196053 4.414122105 -21.330423355 -0.729227066 -0.301009566 -0.571048915 0.226989806
1403637172488318976.000000 14.787103653 4.561107159 -21.328212738 -0.750774205 -0.280884594 -0.545030475 0.245731130
1403637173138319104.000000 13.817238808 4.745393753 -21.228279114 -0.817203522 -0.237929940 -0.479610384 0.213405088
1403637173338319104.000000 13.631673813 4.760699749 -21.259931564 -0.825330019 -0.196250394 -0.493115634 0.192751423
1403637173688318976.000000 13.462692261 4.742954254 -21.338111877 -0.832437098 -0.108312435 -0.518510103 0.162678301
1403637173888318976.000000 13.440262794 4.687189102 -21.410356522 -0.849957287 -0.062849872 -0.501639068 0.148259491
1403637174038319104.000000 13.473567963 4.613409996 -21.445833206 -0.852767825 -0.065280825 -0.506434202 0.109772407
1403637174188318976.000000 13.547141075 4.524997234 -21.438978195 -0.826690555 -0.072258666 -0.551622450 0.084107116
1403637174338319104.000000 13.632259369 4.431643963 -21.411493301 -0.807693422 -0.067416631 -0.579241157 0.086983316
1403637174488318976.000000 13.711239815 4.328754425 -21.374019623 -0.803826153 -0.050205469 -0.582911491 0.107503794
1403637174638319104.000000 13.783137321 4.201903343 -21.324548721 -0.803211808 -0.034085281 -0.585772514 0.102759957
1403637174788318976.000000 13.849306107 4.049525261 -21.278121948 -0.797738552 -0.017348291 -0.599066198 0.066572964
1403637175238319104.000000 13.982623100 3.532380342 -21.219837189 0.794133008 -0.071230695 0.603529871 -0.005530358
1403637175438319104.000000 14.004917145 3.280275583 -21.217529297 0.778412819 -0.086116508 0.621807396 0.003612901
1403637175838319104.000000 13.929119110 2.713818312 -21.237903595 0.802604496 -0.092118494 0.589326143 -0.005915090
1403637175988318976.000000 13.875650406 2.470387459 -21.213573456 0.800052702 -0.077660434 0.594801307 0.009802959
1403637176188318976.000000 13.785636902 2.135399818 -21.158508301 0.787024736 -0.068465427 0.612990677 0.012128182
1403637176388318976.000000 13.663666725 1.795334578 -21.123159409 0.783502698 -0.069028541 0.617287993 0.017726699
1403637176988318976.000000 13.153937340 0.773955703 -21.123374939 0.812879264 -0.111763738 0.569684684 0.046856932
1403637177638319104.000000 12.775594711 -0.359227240 -21.280477524 0.849286199 -0.102972858 0.511025429 0.083442949
1403637177838319104.000000 12.787482262 -0.697270691 -21.304681778 0.839164138 -0.101022445 0.524353504 0.103205927
1403637178038319104.000000 12.844290733 -1.008226156 -21.333675385 0.832367837 -0.125528470 0.524045229 0.129549205
1403637178438319104.000000 13.083441734 -1.491277456 -21.391290665 0.810960054 -0.139201924 0.526857436 0.213044539
1403637178838319104.000000 13.501558304 -1.675770283 -21.390323639 0.790209591 -0.170211270 0.559049547 0.184555203
1403637179438319104.000000 14.149684906 -1.627422929 -21.441787720 0.792692959 -0.178991288 0.560623527 0.159064159
1403637180238319104.000000 14.919799805 -1.177514076 -21.649553299 0.788788557 -0.180362925 0.564992547 0.161447793
1403637180438319104.000000 15.097616196 -0.978002787 -21.721286774 0.797812104 -0.191213861 0.553554356 0.143216059
1403637180638319104.000000 15.279008865 -0.776108325 -21.758966446 0.808740497 -0.190393940 0.536832333 0.146629348
1403637181038319104.000000 15.693511963 -0.353320241 -21.726516724 0.794051886 -0.170710623 0.550609469 0.192792132
1403637181238319104.000000 15.915020943 -0.091808103 -21.670705795 0.788147986 -0.189404324 0.558433414 0.176354825
1403637181438319104.000000 16.135070801 0.194229573 -21.587350845 0.777553797 -0.197547272 0.571598828 0.172220349
1403637181838319104.000000 16.530702591 0.821149170 -21.359853745 0.780415595 -0.214110196 0.562854290 0.168236032
1403637182038319104.000000 16.714908600 1.145672202 -21.259229660 0.777217686 -0.217783809 0.566510975 0.166036844
1403637182488318976.000000 17.053323746 1.880902529 -21.086830139 0.753104806 -0.217427015 0.602986693 0.148208201
1403637182688318976.000000 17.136310577 2.207355976 -21.000432968 0.753028393 -0.208307981 0.604278147 0.156217396
1403637182938319104.000000 17.168941498 2.628425837 -20.895301819 0.749922216 -0.219148830 0.607864141 0.141745284
1403637183338319104.000000 17.058547974 3.283903599 -20.883775711 0.744538128 -0.240144312 0.612384915 0.113923304
1403637183588318976.000000 16.874361038 3.648626328 -20.936717987 0.743580997 -0.245573506 0.612544537 0.107564636
1403637183788318976.000000 16.658685684 3.906850576 -20.994945526 0.744796991 -0.254393697 0.609544456 0.094956800
1403637183988318976.000000 16.391056061 4.115889549 -21.041339874 0.751558721 -0.267541349 0.598090529 0.076608948
1403637184238319104.000000 15.983009338 4.282011986 -21.044084549 0.758528411 -0.267247409 0.588556528 0.082551830
1403637184488318976.000000 15.525959015 4.367918491 -21.081228256 0.780057311 -0.243006036 0.563812554 0.120723650
1403637185138319104.000000 14.417787552 4.393566608 -21.210386276 0.811910987 -0.239585370 0.518464744 0.120804638
1403637185388318976.000000 14.095602989 4.306238651 -21.169090271 0.820516944 -0.235940814 0.504870653 0.127238512
1403637185888318976.000000 13.657902718 4.016802311 -20.984916687 0.799550056 -0.223185897 0.536420524 0.152187124
1403637186138319104.000000 13.504959106 3.856922150 -20.922609329 0.790037990 -0.221320838 0.550227880 0.155262053
1403637186388318976.000000 13.371909142 3.706539869 -20.829961777 0.787539184 -0.220747992 0.553866208 0.155834988
1403637186638319104.000000 13.252341270 3.566759109 -20.699266434 0.782179773 -0.229321241 0.560517907 0.146377519
1403637186888318976.000000 13.127059937 3.428577423 -20.603382111 0.785049260 -0.247778952 0.554149687 0.123375267
1403637187438319104.000000 12.807382584 2.998345375 -20.548765182 0.793864608 -0.255665302 0.533486247 0.140736088
1403637187688318976.000000 12.674691200 2.747837067 -20.560249329 0.798749328 -0.262344599 0.521262825 0.146492511
1403637187938319104.000000 12.578149796 2.467589855 -20.586164474 0.801865637 -0.265187621 0.514549792 0.148072839
1403637188188318976.000000 12.526979446 2.156546116 -20.621713638 0.797794580 -0.253811359 0.521252811 0.165526494
1403637188588318976.000000 12.516716957 1.661423206 -20.718780518 0.775234580 -0.254528165 0.549869001 0.178524196
1403637189238319104.000000 12.460659981 0.894127905 -20.948024750 0.765910387 -0.328950644 0.517116666 0.194327131
1403637189638319104.000000 12.413160324 0.373362303 -21.100254059 0.750066221 -0.321101993 0.540595412 0.205063120
1403637189888318976.000000 12.372625351 0.045617465 -21.127256393 0.754929483 -0.313570738 0.536527276 0.209507510
1403637190638319104.000000 12.199498177 -0.818699837 -20.955383301 0.747917414 -0.309524953 0.543342769 0.222694084
1403637191138319104.000000 12.059023857 -1.266758323 -20.917505264 0.757620156 -0.279074967 0.558883548 0.189151168
1403637191638319104.000000 11.868734360 -1.636354446 -20.968860626 0.763056517 -0.267481267 0.552949369 0.201111168
1403637191888318976.000000 11.769826889 -1.777770281 -20.940013885 0.775782943 -0.267062515 0.531700730 0.210078165
1403637192138319104.000000 11.704051018 -1.887380600 -20.864938736 0.784364462 -0.267448038 0.516091585 0.216549203
1403637192388318976.000000 11.692495346 -1.966501951 -20.753505707 0.788325787 -0.261036187 0.508160710 0.228418753
1403637192638319104.000000 11.741003990 -2.017927647 -20.668161392 0.789220333 -0.282568872 0.506624758 0.201538116
1403637192988318976.000000 11.886476517 -2.094844580 -20.585105896 0.782282591 -0.281838834 0.518561184 0.199236244
1403637193238319104.000000 12.027898788 -2.157670021 -20.491722107 0.780704081 -0.306134194 0.519651413 0.163540661
1403637193738319104.000000 12.350140572 -2.384268761 -20.372222900 0.781725347 -0.276629478 0.520195544 0.204397365
1403637193988318976.000000 12.552596092 -2.503032923 -20.292888641 0.778947055 -0.273724705 0.524593472 0.207648844
1403637194238319104.000000 12.771623611 -2.605203390 -20.280614853 0.773935080 -0.274868459 0.531533897 0.207228512
1403637194488318976.000000 13.002884865 -2.687909365 -20.272647858 0.776912808 -0.277570724 0.526757538 0.204664245
1403637194738319104.000000 13.255773544 -2.760673761 -20.222574234 0.781481683 -0.280922920 0.518860400 0.202861175
1403637194988318976.000000 13.531186104 -2.829147816 -20.176391602 0.779175520 -0.284931183 0.520894587 0.200919494
1403637195238319104.000000 13.821459770 -2.893583775 -20.165416718 0.765559554 -0.280385315 0.540026903 0.208982423
1403637195738319104.000000 14.382318497 -2.960891485 -20.158615112 0.768208086 -0.260970801 0.550611079 0.196413100
1403637195988318976.000000 14.642468452 -2.958156586 -20.112234116 0.774393618 -0.238460302 0.545544922 0.214084074
1403637196188318976.000000 14.851702690 -2.922688484 -20.090589523 0.767573297 -0.215811238 0.553054392 0.241635144
1403637196438319104.000000 15.118201256 -2.799145222 -20.090303421 0.753066063 -0.201194331 0.568476677 0.263147414
1403637196688318976.000000 15.376522064 -2.558536768 -20.123168945 0.752138317 -0.212896854 0.570027828 0.253044069
1403637196938319104.000000 15.614007950 -2.215366602 -20.186386108 0.749550045 -0.221664414 0.572944462 0.246524632
1403637197388318976.000000 15.974485397 -1.401645899 -20.266164780 0.774884343 -0.198300362 0.577837646 0.162279829
1403637197638319104.000000 16.130153656 -0.898933470 -20.246520996 0.803076684 -0.112130545 0.575587630 0.105799191
1403637197888318976.000000 16.263080597 -0.385599077 -20.181753159 0.808271110 -0.010952716 0.585919619 0.057238214
1403637198388318976.000000 16.422380447 0.730390847 -19.929201126 -0.793554246 -0.129202664 -0.594148874 0.023781454
1403637198638319104.000000 16.441970825 1.333010197 -19.822919846 -0.778386354 -0.166442215 -0.604646802 0.028529109
1403637198888318976.000000 16.403446198 1.966209054 -19.827362061 -0.768798590 -0.165184289 -0.616508424 0.039753519
1403637199138319104.000000 16.287216187 2.628568411 -19.870388031 -0.764767885 -0.151394233 -0.620862186 0.082097463
1403637199388318976.000000 16.086141586 3.282151699 -19.872890472 -0.760881364 -0.186575070 -0.610805809 0.114741415
1403637199638319104.000000 15.813766479 3.905954599 -19.858745575 -0.743258059 -0.238724723 -0.604331970 0.159250766
1403637199888318976.000000 15.482127190 4.491222382 -19.911531448 -0.718742847 -0.275839299 -0.590058327 0.243213058
1403637200138319104.000000 15.113747597 4.990673065 -20.050968170 -0.669144690 -0.322801083 -0.578373075 0.336941451
1403637200338319104.000000 14.799410820 5.274743557 -20.183429718 -0.650301933 -0.393814474 -0.550984144 0.344142377
1403637202088318976.000000 12.655896187 5.752608299 -20.420969009 -0.750939786 -0.323615193 -0.473501593 0.327351511
1403637204888318976.000000 13.181939125 4.533513546 -20.403810501 -0.728516042 -0.367179036 -0.519197166 0.254712164
1403637207388318976.000000 12.770593643 4.298388004 -20.344469070 -0.717068195 -0.379805028 -0.514554322 0.277119607
1403637208388318976.000000 12.587390900 4.103811264 -20.259773254 -0.728126049 -0.372557580 -0.505533218 0.274717450
1403637208888318976.000000 12.536993980 4.006018639 -20.240715027 -0.722143173 -0.375505537 -0.516615987 0.265730798
1403637209788318976.000000 12.330825806 3.922694206 -20.252426147 -0.726403534 -0.444937319 -0.451927066 0.264822096
1403637211738319104.000000 13.079246521 6.451008797 -20.818038940 -0.716657460 -0.413085341 -0.474345058 0.301263005
1403637211938319104.000000 13.241097450 6.772955418 -20.874122620 -0.727778435 -0.411654741 -0.457804292 0.302149326
1403637212138319104.000000 13.427563667 7.092202663 -20.893632889 -0.712700844 -0.411531299 -0.481476367 0.301463246
1403637212338319104.000000 13.618359566 7.399525166 -20.888654709 -0.701941371 -0.407396942 -0.498528510 0.304590464
1403637212538319104.000000 13.801826477 7.684953213 -20.862665176 -0.704547405 -0.407697946 -0.497615844 0.299622864
1403637212738319104.000000 13.977914810 7.954128265 -20.824254990 -0.713963628 -0.412383407 -0.486432672 0.289100766
1403637212938319104.000000 14.154276848 8.223630905 -20.775642395 -0.713868797 -0.418067783 -0.486275792 0.281330109
1403637213088318976.000000 14.284633636 8.428431511 -20.734893799 -0.712893784 -0.420208514 -0.485398561 0.282126695
1403637213288318976.000000 14.455543518 8.705056190 -20.698665619 -0.713763535 -0.419885367 -0.481056899 0.287788361
1403637213438319104.000000 14.583781242 8.913290024 -20.684316635 -0.710551023 -0.419158965 -0.485054851 0.290077388
1403637213638319104.000000 14.751251221 9.186861992 -20.681859970 -0.702276468 -0.424924165 -0.496689141 0.282041013
1403637213838319104.000000 14.902848244 9.456541061 -20.703287125 -0.698696792 -0.435214192 -0.500073135 0.268957704
1403637213988318976.000000 15.001171112 9.663166046 -20.729663849 -0.696371317 -0.437540501 -0.501956463 0.267703384
1403637214188318976.000000 15.105870247 9.950581551 -20.746192932 -0.686645329 -0.437662303 -0.500832140 0.293491274
1403637214388318976.000000 15.185923576 10.235251427 -20.733015060 -0.662522376 -0.458300769 -0.500293970 0.317380756
1403637214738319104.000000 15.239039421 10.682453156 -20.657375336 -0.595797122 -0.526696146 -0.506793141 0.332832932
1403637214888318976.000000 15.211541176 10.852448463 -20.608743668 -0.583387733 -0.537612855 -0.505967796 0.338567197
1403637215038319104.000000 15.149195671 11.006900787 -20.569524765 -0.579086840 -0.538968861 -0.505123615 0.344994366
1403637215238319104.000000 15.015255928 11.184279442 -20.537385941 -0.576746106 -0.533033729 -0.507527471 0.354478389
1403637215388318976.000000 14.878147125 11.296270370 -20.528291702 -0.573576093 -0.530036211 -0.501439810 0.372330785
1403637215538319104.000000 14.714406967 11.381314278 -20.521469116 -0.559372485 -0.530648828 -0.492443472 0.403749585
1403637215738319104.000000 14.466813087 11.438183784 -20.498525620 -0.537858427 -0.560512006 -0.463854045 0.425880462
1403637215888318976.000000 14.267048836 11.443117142 -20.467550278 -0.525626004 -0.591861963 -0.430364370 0.433824122
1403637216038319104.000000 14.062520981 11.424598694 -20.420635223 -0.515472949 -0.610971093 -0.402259469 0.446306378
1403637216338319104.000000 13.662484169 11.341369629 -20.326814651 -0.495743334 -0.628053486 -0.369766504 0.472292393
1403637216488318976.000000 13.477064133 11.281651497 -20.300333023 -0.487952769 -0.624457777 -0.372338474 0.483030796
1403637216638319104.000000 13.303615570 11.206617355 -20.286224365 -0.486643851 -0.617730796 -0.373399377 0.492096901
1403637216788318976.000000 13.144335747 11.110732079 -20.279005051 -0.485365152 -0.607035041 -0.378743529 0.502476335
1403637216938319104.000000 13.002774239 10.990583420 -20.264293671 -0.481835157 -0.601807833 -0.389598399 0.503860533
1403637217088318976.000000 12.877528191 10.838257790 -20.239435196 -0.493496805 -0.602291942 -0.379812628 0.499447435
1403637217238319104.000000 12.769655228 10.661352158 -20.219982147 -0.509390414 -0.596896350 -0.362704039 0.502674818
1403637217538319104.000000 12.625917435 10.267550468 -20.229410172 -0.521310449 -0.590163648 -0.353375912 0.505042315
1403637217688318976.000000 12.592618942 10.053454399 -20.248863220 -0.499485940 -0.601098895 -0.365641147 0.505470634
1403637217838319104.000000 12.575640678 9.822707176 -20.262311935 -0.461382419 -0.626531661 -0.373662025 0.504936755
1403637218038319104.000000 12.562957764 9.477774620 -20.261590958 -0.429145396 -0.656001627 -0.354658991 0.509620667
1403637218238319104.000000 12.560734749 9.099304199 -20.253732681 -0.417665541 -0.672319710 -0.335273057 0.511012435
1403637218388318976.000000 12.563981056 8.801808357 -20.261146545 -0.412427723 -0.676564515 -0.331453860 0.512154520
1403637218588318976.000000 12.575803757 8.384105682 -20.278577805 -0.410737276 -0.677299082 -0.331667125 0.512404025
1403637218738319104.000000 12.586036682 8.060470581 -20.279121399 -0.416321307 -0.680820227 -0.328219384 0.505403280
1403637218888318976.000000 12.598330498 7.726823807 -20.290462494 -0.417057842 -0.684961557 -0.332691401 0.496192455
1403637219088318976.000000 12.609827995 7.273485184 -20.356117249 -0.412217408 -0.689238608 -0.343220979 0.487058908
1403637219288318976.000000 12.605854988 6.804935932 -20.424215317 -0.414861083 -0.688964248 -0.341638476 0.486314476
1403637219488318976.000000 12.587262154 6.318038940 -20.468309402 -0.424130708 -0.692287326 -0.331369907 0.480671942
1403637220088318976.000000 12.433561325 4.928856373 -20.430564880 -0.444982260 -0.705640376 -0.307217687 0.457908064
1403637220788318976.000000 12.115154266 3.652625799 -20.149450302 -0.457692951 -0.686823726 -0.295513570 0.481105179
1403637220988318976.000000 12.041222572 3.344405413 -20.103361130 -0.460045785 -0.688088655 -0.295055091 0.477320075
1403637221188318976.000000 11.978451729 3.063619614 -20.082452774 -0.474339247 -0.684933662 -0.301653385 0.463544399
1403637221788318976.000000 11.818177223 2.411130190 -20.150377274 -0.517662287 -0.656892657 -0.325757295 0.440908164
1403637222438319104.000000 11.716082573 2.039467335 -20.377666473 -0.579465628 -0.587295175 -0.386308640 0.412394971
1403637223488318976.000000 11.689495087 1.819726467 -20.341707230 -0.579138577 -0.587056935 -0.394680083 0.405204177
1403637224638319104.000000 11.676301003 1.907040000 -20.261861801 -0.567847729 -0.584029496 -0.407497823 0.412800312
1403637225038319104.000000 11.652326584 1.913523555 -20.305929184 -0.568112671 -0.583131433 -0.407717526 0.413487792
1403637225438319104.000000 11.620310783 1.894227147 -20.392597198 -0.562343657 -0.583701253 -0.412486941 0.415832818
1403637225838319104.000000 11.562919617 1.833733082 -20.391410828 -0.567121387 -0.592246532 -0.402861387 0.406595826
1403637226238319104.000000 11.474860191 1.777802944 -20.286588669 -0.559841514 -0.585728765 -0.411370963 0.417460412
1403637226488318976.000000 11.409028053 1.727994442 -20.255064011 -0.568151116 -0.596004188 -0.400016218 0.402455509
1403637226738319104.000000 11.331890106 1.684425592 -20.248302460 -0.572126687 -0.600946724 -0.393885225 0.395459920
1403637227188318976.000000 11.173354149 1.666030407 -20.283893585 -0.585462272 -0.579406440 -0.378054172 0.422607571
1403637228188318976.000000 11.038437843 1.778957963 -20.328733444 -0.567490339 -0.577121079 -0.410464704 0.420005798
1403637228638319104.000000 11.009852409 1.788204074 -20.325191498 -0.557315409 -0.581269026 -0.419273645 0.419208169
1403637228888318976.000000 10.979640961 1.761039257 -20.298564911 -0.571369350 -0.584629536 -0.400543302 0.413896710
1403637229138319104.000000 10.946243286 1.728814363 -20.294252396 -0.564398170 -0.584481955 -0.411706656 0.412714452
1403637229388318976.000000 10.905050278 1.686575055 -20.316877365 -0.570508897 -0.579862595 -0.415727943 0.406754553
1403637229638319104.000000 10.866065979 1.631022215 -20.366350174 -0.629152536 -0.542814970 -0.396068394 0.390703201
1403637229888318976.000000 10.865386009 1.593657017 -20.420373917 -0.662385046 -0.496049851 -0.439240754 0.349640250
1403637230138319104.000000 10.883416176 1.574107766 -20.476547241 -0.693242311 -0.445969105 -0.475497663 0.307292491
1403637230388318976.000000 10.896711349 1.568988323 -20.496696472 -0.715581000 -0.415085942 -0.486877799 0.280352682
1403637230888318976.000000 10.904946327 1.588420272 -20.406391144 -0.741989732 -0.349050581 -0.509604096 0.260611892
1403637231138319104.000000 10.917294502 1.576723456 -20.374576569 -0.783116460 -0.285286069 -0.509733915 0.213334903
1403637231388318976.000000 10.961986542 1.560326457 -20.424562454 -0.809313238 -0.192845970 -0.530333102 0.163000792
1403637231638319104.000000 11.033351898 1.527947307 -20.570690155 -0.829856277 -0.087372310 -0.540756702 0.106239498
1403637231888318976.000000 11.138347626 1.466460109 -20.724010468 0.835474908 0.000828674 0.547755659 -0.044101086
1403637232388318976.000000 11.421328545 1.232100248 -20.849863052 0.802700758 -0.126813143 0.581248641 0.041713614
1403637232688318976.000000 11.569692612 1.013336897 -20.851524353 0.797085822 -0.211424574 0.561079979 0.071715780
1403637233188318976.000000 11.777409554 0.450433373 -20.752706528 0.814377367 -0.270259798 0.499466807 0.119507894
1403637233688318976.000000 12.164388657 -0.359706432 -20.739303589 0.821930408 -0.200641513 0.498040110 0.190077424
1403637234188318976.000000 12.856856346 -0.996028483 -20.915885925 0.796191454 -0.133366436 0.525340080 0.268906116
1403637234538319104.000000 13.492189407 -1.059671521 -21.091152191 0.782382965 -0.149808735 0.558293521 0.231824547
1403637235188318976.000000 14.641735077 -0.586803317 -21.463800430 0.787700117 -0.090706319 0.602410793 0.091663688
1403637235488318976.000000 15.046483040 -0.266769409 -21.559804916 0.814186394 -0.055093940 0.574633300 0.062143132
1403637235838319104.000000 15.484058380 0.145390153 -21.586767197 -0.812153041 -0.001578724 -0.581614971 -0.046141718
1403637236188318976.000000 15.876951218 0.655464888 -21.522459030 -0.799534440 -0.088554993 -0.592716038 -0.039880220
1403637236888318976.000000 16.332607269 2.143715620 -21.234954834 -0.765945554 -0.161008075 -0.619292915 0.062290959
1403637238138319104.000000 15.111498833 4.445777893 -20.345998764 -0.769644856 -0.144997969 -0.589438021 0.197952658
1403637238438319104.000000 14.567735672 4.615804672 -20.184700012 -0.802691877 -0.034629878 -0.566905618 0.181946993
1403637238938319104.000000 13.754842758 4.395267010 -20.006811142 0.865527034 -0.093960986 0.474941909 -0.128314301
1403637239288318976.000000 13.487595558 3.824391842 -19.872098923 0.869025171 -0.079356477 0.485585302 -0.052008860
1403637239638319104.000000 13.469877243 3.056231499 -19.812555313 0.846168637 -0.136405706 0.515105367 0.007661795
1403637239988318976.000000 13.554255486 2.188771486 -19.935178757 0.794728160 -0.199495837 0.563239872 0.106628031
1403637240338319104.000000 13.626033783 1.327684760 -20.148466110 0.771804988 -0.280399978 0.543380857 0.174442723
1403637240788318976.000000 13.744969368 0.262817055 -20.361175537 0.781053185 -0.302356213 0.504889369 0.208862334
1403637241138319104.000000 13.927249908 -0.521074712 -20.435934067 0.767576218 -0.282945305 0.531243086 0.220339745
1403637241488318976.000000 14.147253990 -1.211178541 -20.561927795 0.774100661 -0.258332491 0.527743995 0.235624507
1403637241788318976.000000 14.382785797 -1.684849381 -20.639791489 0.762345195 -0.238271311 0.546793461 0.251144409
1403637242088318976.000000 14.633113861 -2.002475262 -20.664207458 0.740687311 -0.248903051 0.578960836 0.232881799
1403637242388318976.000000 14.845210075 -2.181517124 -20.648260117 0.748747051 -0.236860141 0.562699080 0.258156657
1403637242688318976.000000 15.041591644 -2.200545073 -20.655534744 0.747832000 -0.218884632 0.570682943 0.259148121
1403637243038319104.000000 15.240349770 -1.997631192 -20.614267349 0.750697613 -0.193303153 0.595259666 0.211548984
1403637243338319104.000000 15.354974747 -1.690911055 -20.596097946 0.769012392 -0.190198943 0.577462733 0.197436601
1403637243638319104.000000 15.434432030 -1.291670918 -20.607524872 0.776052058 -0.204231814 0.569285333 0.178736985
1403637243938319104.000000 15.498627663 -0.853499174 -20.556371689 0.785513878 -0.236313060 0.553974450 0.142254815
1403637244238319104.000000 15.545249939 -0.454371721 -20.420391083 0.783295393 -0.241905168 0.553610981 0.146441847
1403637244588318976.000000 15.587813377 -0.054843366 -20.203525543 0.796677947 -0.224388450 0.541744053 0.146518305
1403637244888318976.000000 15.647516251 0.248405963 -20.042366028 0.812219977 -0.181678623 0.536708832 0.138691336
1403637245238319104.000000 15.776927948 0.572816551 -19.927045822 0.825591445 -0.189587682 0.521901250 0.100371517
1403637245588318976.000000 15.993479729 0.823387206 -19.859443665 0.822987020 -0.159683555 0.532128513 0.118460834
1403637245938319104.000000 16.287052155 1.062451005 -19.854318619 0.816978097 -0.093902089 0.563704371 0.077244535
1403637246238319104.000000 16.550189972 1.284477353 -19.900238037 -0.812266529 -0.011291313 -0.583139896 -0.006597950
1403637246538319104.000000 16.783266068 1.526909947 -19.985324860 -0.793316066 -0.143057883 -0.588099897 0.065746933
1403637246838319104.000000 16.944011688 1.794596434 -20.090808868 -0.753123224 -0.247708887 -0.594071209 0.136107445
1403637247138319104.000000 16.990568161 2.079101086 -20.156949997 -0.752390087 -0.312168986 -0.550945461 0.181435257
1403637247438319104.000000 16.974113464 2.371575117 -20.230224609 -0.736914873 -0.312738240 -0.562490702 0.206774175
1403637247738319104.000000 16.899177551 2.658149004 -20.333564758 -0.721332848 -0.328217179 -0.573013008 0.208826631
1403637248038319104.000000 16.718383789 2.928221941 -20.408008575 -0.703327537 -0.360261083 -0.564098418 0.239448041
1403637248338319104.000000 16.443902969 3.172888041 -20.451623917 -0.708335221 -0.395471960 -0.524135172 0.259124607
1403637248638319104.000000 16.136228561 3.403892279 -20.519481659 -0.698458493 -0.396945506 -0.530066371 0.271329433
1403637248938319104.000000 15.789735794 3.610828638 -20.536552429 -0.713271499 -0.395588994 -0.517632961 0.258474916
1403637249238319104.000000 15.419155121 3.818443298 -20.485832214 -0.717291296 -0.388729930 -0.519474030 0.254025728
1403637249538319104.000000 15.033836365 4.036670208 -20.435775757 -0.718065083 -0.383850336 -0.521884680 0.254318237
1403637249838319104.000000 14.634713173 4.256338120 -20.491300583 -0.707654357 -0.382698417 -0.532052457 0.263983935
1403637250438319104.000000 13.786258698 4.634460449 -20.519231796 -0.700969696 -0.415861249 -0.483525991 0.319223404
1403637250738319104.000000 13.414493561 4.775355339 -20.549537659 -0.702073336 -0.426737219 -0.467363834 0.326434314
1403637251388318976.000000 12.846423149 5.011329651 -20.395048141 -0.687857747 -0.448502779 -0.454154462 0.345602036
1403637252088318976.000000 12.537027359 5.159061909 -20.174779892 -0.631362498 -0.497336924 -0.467464149 0.368123114
1403637252738319104.000000 12.318387032 5.126704216 -20.202838898 -0.652179778 -0.497223049 -0.437171787 0.369204193
1403637253738319104.000000 12.203748703 4.945253372 -20.243614197 -0.641159117 -0.498889506 -0.458955377 0.359700143
1403637254238319104.000000 12.151873589 4.795737267 -20.176599503 -0.631231844 -0.507912755 -0.461791337 0.360998333
1403637254738319104.000000 12.044994354 4.614896774 -20.071451187 -0.617191792 -0.534501374 -0.443920702 0.369211495
1403637255238319104.000000 11.903194427 4.431668758 -20.077905655 -0.603568375 -0.539489567 -0.440231591 0.388397247
1403637255738319104.000000 11.737419128 4.203154087 -20.071487427 -0.564989686 -0.584629476 -0.411224633 0.412176371
1403637256538319104.000000 11.417870522 3.800916672 -19.986227036 -0.510042727 -0.630493402 -0.382441252 0.442801595
1403637257238319104.000000 11.102188110 3.431833506 -20.039791107 -0.507722378 -0.639031887 -0.361883283 0.450440764
1403637257588318976.000000 10.952691078 3.259722471 -20.000902176 -0.495559454 -0.654227376 -0.355507255 0.447238266
1403637257888318976.000000 10.809783936 3.123150587 -20.014221191 -0.496494740 -0.666545451 -0.334826797 0.443960696
1403637258188318976.000000 10.652589798 3.019130945 -20.046346664 -0.464636564 -0.686699927 -0.311123848 0.464497626
1403637258488318976.000000 10.487975121 2.949024439 -20.058498383 -0.431033403 -0.697851837 -0.297323793 0.488683552
1403637258788318976.000000 10.332826614 2.892608404 -20.110555649 -0.426302731 -0.697062731 -0.288858861 0.498928964
1403637259038319104.000000 10.223263741 2.851376772 -20.147708893 -0.429212630 -0.692755938 -0.286815077 0.503590047
1403637259288318976.000000 10.131097794 2.819856644 -20.124380112 -0.431249827 -0.690212905 -0.288776368 0.504220128
1403637259538319104.000000 10.061340332 2.790891409 -20.095808029 -0.439650834 -0.683057725 -0.281106472 0.510997534
1403637259788318976.000000 10.026968956 2.768117428 -20.089607239 -0.438348621 -0.688442230 -0.285541117 0.502358496
1403637260038319104.000000 10.018128395 2.752506256 -20.103099823 -0.436952651 -0.685768306 -0.287847698 0.505903244
1403637260288318976.000000 10.030168533 2.737971783 -20.141527176 -0.427943200 -0.694076300 -0.299404025 0.495459378
1403637260538319104.000000 10.044134140 2.717025042 -20.192667007 -0.420120329 -0.703645945 -0.308316290 0.483034700
1403637260788318976.000000 10.037295341 2.694321394 -20.249559402 -0.426224828 -0.705597937 -0.299065918 0.480649024
1403637261038319104.000000 10.014762878 2.674465179 -20.304885864 -0.421050876 -0.697055519 -0.303826451 0.494488865
1403637261288318976.000000 9.987222672 2.649892092 -20.359357834 -0.429007679 -0.709169149 -0.292415619 0.476995349
1403637261538319104.000000 9.949159622 2.635480404 -20.382625580 -0.429714233 -0.700008869 -0.292126864 0.489893138
1403637261738319104.000000 9.918495178 2.632550716 -20.387569427 -0.433462262 -0.709478855 -0.287761658 0.475335151
1403637261938319104.000000 9.881332397 2.645145655 -20.373846054 -0.426983029 -0.698500454 -0.298461318 0.490615457
1403637262188318976.000000 9.837874413 2.659482956 -20.396888733 -0.429828823 -0.689397335 -0.298470527 0.500893116
1403637262588318976.000000 9.844095230 2.649150133 -20.423549652 -0.452812314 -0.647917926 -0.315885365 0.524766564
1403637262788318976.000000 9.845187187 2.651911259 -20.430393219 -0.459156573 -0.653364241 -0.310959607 0.515358686
1403637263238319104.000000 9.844530106 2.653402567 -20.431777954 -0.459108055 -0.654430985 -0.309983313 0.514636159
1403637263738319104.000000 9.844339371 2.653191805 -20.431022644 -0.459056824 -0.654476285 -0.310332775 0.514413536
1403637264038319104.000000 9.844436646 2.652873278 -20.430627823 -0.459308773 -0.654364586 -0.310049087 0.514501810
1403637264538319104.000000 9.844265938 2.652674198 -20.431028366 -0.459486425 -0.654362500 -0.309859961 0.514459670
1403637265038319104.000000 9.844496727 2.653082132 -20.430736542 -0.459698111 -0.654372215 -0.309640884 0.514390171
