1403715273262142976.000000 0.000000000 0.000000000 0.000000000 -0.000000000 -0.000000000 -0.000000000 1.000000000
1403715279062142976.000000 -0.010986667 -0.159643576 0.030457502 0.035351939 0.002225371 0.010772454 0.999314427
1403715279112143104.000000 -0.015304368 -0.164836347 0.034387499 0.035780054 0.002949814 0.010299043 0.999302268
1403715280362142976.000000 -0.017228123 -0.260667682 0.073973686 0.004812088 0.009658068 -0.011895314 0.999871075
1403715280612143104.000000 -0.024573844 -0.318022639 0.100277260 0.015235164 0.025776438 0.008442453 0.999516010
1403715281462142976.000000 -0.069412202 -0.474103630 0.243818238 0.011955350 0.161254123 0.069025598 0.984423518
1403715282362142976.000000 -0.074290752 -0.513337612 0.489335746 0.000673897 0.388781786 0.152823791 0.908566594
1403715283462142976.000000 -0.040049613 -0.525502145 0.906407356 0.017051043 0.597495973 0.241680771 0.764394104
1403715287412143104.000000 0.543028593 -0.853383243 0.795599818 -0.003149139 0.749657571 0.282133520 0.598668814
1403715291862142976.000000 1.390157938 -0.405441284 0.116725326 0.006947479 0.885334313 0.361203909 0.292688638
1403715294362142976.000000 1.937958002 -0.321945488 -0.673811138 0.022606028 0.625879765 0.240200043 0.741665304
1403715296212143104.000000 1.857453346 0.153246462 -0.891182899 0.026019132 0.312917531 0.140152812 0.939022243
1403715297962142976.000000 2.248174429 0.359668463 -1.039920092 0.023750601 0.035743520 0.050059225 0.997823834
1403715300812143104.000000 2.284342766 0.081767723 -0.654543400 0.051291790 -0.337954700 -0.103700683 0.934024572
1403715303712143104.000000 2.341294527 0.484831095 -1.266179323 0.033459738 -0.457838714 -0.176252618 0.870746315
1403715308162142976.000000 2.803802252 0.451886207 -1.535614967 0.009132560 -0.118602395 -0.062302995 0.990943193
1403715310412143104.000000 3.135824680 0.313108861 -1.208436847 0.057033241 -0.076155044 -0.018407527 0.995293319
1403715311612143104.000000 3.592717648 0.293673098 -1.228100538 0.006679747 -0.006867350 0.005543330 0.999938786
1403715312712143104.000000 4.030935764 0.140684754 -0.941049516 0.030559188 0.018664083 0.006730272 0.999336064
1403715316412143104.000000 3.695641041 -0.097941674 -0.903283715 -0.017246159 0.332478017 0.119086772 0.935403287
1403715318212143104.000000 3.431588650 0.014006019 -0.435446501 0.022745850 0.636816621 0.273317009 0.720586598
1403715319662142976.000000 3.722576618 0.205736399 -0.515005112 -0.020868346 0.795230806 0.296556592 0.528419077
1403715322062142976.000000 4.231927872 -0.212484956 -0.508121729 0.038933136 0.902124465 0.346571654 0.254054636
1403715323062142976.000000 3.646626949 -0.017346263 -0.821695328 -0.034595821 0.913380802 0.368187189 0.170225784
1403715323762142976.000000 3.580904245 0.116186738 -1.222535372 -0.029075416 0.928490877 0.328317970 0.171074986
1403715326312143104.000000 3.424643755 -0.045849323 -1.273552179 -0.014352988 0.919993401 0.349865973 0.176067889
1403715328462142976.000000 2.519856930 0.082399607 -1.182197809 -0.021078089 0.912692785 0.320187002 0.253037512
1403715331312143104.000000 2.190707445 0.090973377 -1.000846386 0.016408626 0.767172158 0.310672194 0.560946047
1403715333362142976.000000 2.125034571 0.092179835 -1.749954581 0.027111923 0.739220679 0.259881318 0.620708942
1403715335312143104.000000 1.934056282 0.453691483 -2.563130617 -0.006209232 0.688437939 0.273256302 0.671822608
1403715337562142976.000000 2.349045753 0.718478262 -3.246729374 0.011076968 0.585782111 0.253652692 0.769673347
1403715340162142976.000000 3.297116280 0.971789300 -3.823877096 -0.012820082 0.500901461 0.156059265 0.851221979
1403715343362142976.000000 3.992717743 0.485133857 -3.028455496 0.009574968 0.298012733 0.117153235 0.947297156
1403715347412143104.000000 2.564260006 -0.132727534 -1.221572042 0.014704391 0.220895514 0.079499945 0.971940696
1403715348112143104.000000 2.238153458 -0.263161182 -1.063102722 0.033123527 0.100075275 0.071613014 0.991846442
1403715349962142976.000000 2.365302563 0.006134037 -0.693447590 0.032840304 -0.107909970 -0.023363836 0.993343413
1403715353412143104.000000 1.668729663 -0.215404183 -0.093325153 0.036883801 -0.246001840 -0.081214674 0.965156376
1403715355712143104.000000 1.424380064 -0.365208030 0.083590254 0.028631229 -0.373560488 -0.135229513 0.917249084
1403715357512143104.000000 1.009029627 -0.655604541 0.290456235 0.030444462 -0.494455427 -0.194830656 0.846538842
1403715358712143104.000000 0.347576737 -0.726259351 0.326673925 0.042127091 -0.520805538 -0.214834556 0.825126052
1403715359412143104.000000 -0.090913698 -0.647475839 0.255340517 0.048024990 -0.557998538 -0.206828669 0.802217662
1403715360362142976.000000 -0.400254697 -0.575637817 -0.008339196 0.022287816 -0.549600959 -0.203663126 0.809915662
1403715361412143104.000000 -0.518763840 -0.594923913 -0.109114051 0.026336273 -0.322554559 -0.131153628 0.937050521
1403715362562142976.000000 -0.793026567 -0.545222938 -0.054062456 0.014174514 -0.065508112 -0.040597312 0.996925116
1403715363612143104.000000 -1.087136149 -0.625891507 0.057275988 0.025569027 0.156883463 0.105370417 0.981647015
1403715365112143104.000000 -0.722812414 -0.711649418 -0.191292405 0.006518050 0.390202910 0.146192804 0.909025252
1403715367662142976.000000 -0.366510302 -0.527138114 -1.117166281 -0.004833031 0.510195315 0.229622751 0.828824937
1403715373112143104.000000 2.841522217 -0.012275353 -2.145874023 0.021672562 0.303116560 0.131515250 0.943585992
1403715374412143104.000000 3.565595627 -0.078360721 -2.024320364 0.016896261 0.128496498 0.047309984 0.990436792
1403715375412143104.000000 3.798012257 -0.212414443 -1.694661617 0.014028411 0.117299065 0.036241405 0.992335975
1403715376112143104.000000 3.799747229 -0.310270309 -1.327533484 0.025389580 0.134242713 0.044960368 0.989602387
1403715376762142976.000000 3.725513220 -0.346883029 -1.044572473 0.030238593 0.125911072 0.033624392 0.991010308
1403715377062142976.000000 3.641632318 -0.352672309 -0.957770646 0.055854231 0.117323868 0.028238460 0.991119564
1403715377612143104.000000 3.408526421 -0.343039393 -0.893156886 0.039340667 0.100638770 0.027259359 0.993771136
1403715377912143104.000000 3.239614487 -0.332373053 -0.886197388 0.030020021 0.099192448 0.030517651 0.994147062
1403715378112143104.000000 3.118451834 -0.311829269 -0.893466175 0.032555465 0.094726630 0.039373383 0.994191527
1403715378612143104.000000 2.827256680 -0.242245257 -0.943888307 0.013745164 0.089751795 0.048738752 0.994675934
1403715379812143104.000000 2.337101221 -0.325522035 -0.902641058 0.001663061 0.102910876 0.017135259 0.994541585
1403715380312143104.000000 2.034625053 -0.433537424 -0.775488734 0.024909472 0.098773010 0.034654822 0.994194388
1403715381312143104.000000 1.344221711 -0.588987589 -0.575213194 0.030464372 0.102207795 0.039760679 0.993501186
1403715382862142976.000000 0.329631209 -0.694413722 -0.303606629 -0.002800284 0.274082899 0.113299645 0.955004692
1403715384162142976.000000 -0.069678158 -0.861311376 0.324560702 0.013792478 0.445799112 0.188691840 0.874910474
1403715385012143104.000000 -0.035005629 -0.947473526 0.552762926 0.005835327 0.607353389 0.265105873 0.748870254
1403715392762142976.000000 2.871246338 -0.025274038 -1.803503513 0.037250429 0.255250752 0.091023967 0.961859703
1403715395012143104.000000 3.525351048 -0.049046040 -1.724767804 0.031220408 -0.398915917 -0.158520520 0.902642012
1403715395912143104.000000 3.386384487 0.097623944 -1.867756128 0.023762900 -0.595224202 -0.235842019 0.767803371
1403715398062142976.000000 2.540324688 0.325947404 -1.770135641 0.034435540 -0.647308409 -0.223317459 0.727966607
1403715400712143104.000000 2.253083229 0.516930580 -2.141277313 0.017263779 -0.497855037 -0.216007814 0.839751720
1403715401762142976.000000 1.663007498 0.636786342 -2.584205627 0.012989089 -0.401270926 -0.130883560 0.906467021
1403715402912143104.000000 1.004688501 0.626524925 -2.735005379 0.043254882 -0.319127530 -0.116843417 0.939486146
1403715404062142976.000000 0.466477931 0.581281304 -2.777300119 -0.006047464 -0.197939783 -0.061933659 0.978236973
1403715405362142976.000000 -0.266527385 0.387945682 -2.291332722 0.025903383 -0.013722808 0.028758457 0.999156475
1403715406612143104.000000 -0.578295410 0.355940133 -1.814161420 0.007580736 0.340404242 0.163602561 0.925905883
1403715407812143104.000000 -0.383259594 0.340069056 -1.381942391 -0.012542661 0.505969942 0.195244446 0.840069473
1403715408262142976.000000 -0.176498622 0.182398304 -1.211760283 0.001951506 0.499296546 0.197530225 0.843611836
1403715408962142976.000000 0.091037750 0.024301618 -0.910072386 0.037239715 0.415181041 0.147284523 0.896964431
1403715410012143104.000000 0.197474450 -0.192185834 -0.780324221 -0.011401883 0.328491747 0.141185611 0.933825374
1403715413662142976.000000 0.164035037 -0.088140562 -0.446868479 0.022398680 0.309942096 0.132514104 0.941208899
1403715413962142976.000000 0.154847637 -0.019265806 -0.444282055 0.018687412 0.314629734 0.121609367 0.941206753
1403715414062142976.000000 0.149475127 0.001203612 -0.444934905 0.017423619 0.314538300 0.121064447 0.941331744
1403715414162142976.000000 0.141285017 0.011120802 -0.449784398 0.010664705 0.314160258 0.123155609 0.941287577
1403715414262142976.000000 0.132777005 0.011290399 -0.456234515 -0.000720590 0.313138753 0.127737135 0.941077471
1403715414712143104.000000 0.108068824 -0.005380781 -0.434233963 0.006452149 0.315994143 0.124481641 0.940537333
1403715414812143104.000000 0.102052160 -0.000884868 -0.416079491 0.013238100 0.314786464 0.131343946 0.939937770
1403715414912143104.000000 0.096319251 0.007150428 -0.396084696 0.020403149 0.312378496 0.143562838 0.938825428
1403715415012143104.000000 0.091197222 0.018787835 -0.377185524 0.025297347 0.310725063 0.153271079 0.937719584
1403715415262142976.000000 0.094369754 0.057124294 -0.345382333 0.030284448 0.315329134 0.161168933 0.934705794
1403715415512143104.000000 0.113328464 0.091901243 -0.339909047 0.017165890 0.336006492 0.126803562 0.933126926
1403715415762142976.000000 0.118557729 0.117440537 -0.335891366 0.013702221 0.342281401 0.121058218 0.931665480
