1403715893384058112.000000 1.377795815 -0.388377815 -1.570022464 -0.550900698 -0.615894675 -0.385767400 0.410323948
1403715894134057984.000000 1.334940314 -0.432985306 -1.475086212 -0.555026114 -0.615783155 -0.376019359 0.413964450
1403715896934057984.000000 0.383347839 -0.516026080 -0.824113727 -0.588969171 -0.558594704 -0.328614026 0.482804447
1403715899134057984.000000 3.640674829 -0.542839050 -0.719907522 -0.650825441 -0.508314848 -0.441778302 0.350534230
1403715899634057984.000000 4.322624683 -0.477712840 -0.867144406 -0.659872651 -0.531745434 -0.427279621 0.315034926
1403715901084058112.000000 4.990164757 0.711435556 -0.907130301 -0.597351432 -0.485339075 -0.502710700 0.393572479
1403715901484058112.000000 4.876385212 0.794432163 -0.852827013 -0.609242380 -0.478960574 -0.492854357 0.395619929
1403715901584058112.000000 4.837600708 0.771242499 -0.837640584 -0.617265165 -0.484239757 -0.484618813 0.386833638
1403715901984058112.000000 4.658673286 0.587242365 -0.780781865 -0.631760657 -0.497906715 -0.467115134 0.367111653
1403715902284058112.000000 4.502231598 0.394013762 -0.755316675 -0.625688732 -0.507095456 -0.472950697 0.357331127
1403715905184058112.000000 2.607080460 0.241745889 -0.460569322 -0.078692004 -0.781249225 -0.076614104 0.614481568
1403715905734057984.000000 2.550673246 0.129468858 -0.707732677 0.065104544 -0.814754367 0.046169173 0.574286759
1403715908484058112.000000 3.078515530 -0.682333827 -0.785114765 0.791087449 -0.126937136 0.591788650 0.088621035
1403715909884058112.000000 2.811164856 -0.098924056 -0.841813207 -0.710062802 -0.393469810 -0.524714947 0.256255001
1403715911034057984.000000 1.992143989 0.183036044 -1.065674663 -0.391794741 -0.689288855 -0.308081120 0.525798380
1403715911134057984.000000 1.925231338 0.149092495 -1.075211525 -0.364990771 -0.698977709 -0.288300008 0.543226600
1403715911234057984.000000 1.863593817 0.106019199 -1.084299922 -0.336865366 -0.709223807 -0.267356813 0.558608711
1403715913334057984.000000 1.495330930 -1.413367033 -0.874607742 0.209575251 -0.776477098 0.148375973 0.575452864
1403715915384058112.000000 2.540326357 -2.995372534 -0.839926898 0.092131078 -0.839053571 0.116209447 0.523446620
1403715915784058112.000000 2.286599159 -3.143650055 -0.922940969 0.131361276 -0.820873976 0.083891526 0.549429238
1403715918734057984.000000 1.066285014 -3.223052263 -1.513066888 -0.219344571 -0.787165642 -0.102137223 0.567297339
1403715919134057984.000000 1.299616814 -3.082721710 -1.540623784 -0.202057883 -0.824842691 -0.143890500 0.508037984
1403715919634057984.000000 1.346469879 -2.945469618 -1.523845077 -0.183507353 -0.802748024 -0.154620647 0.545905888
1403715919934057984.000000 1.296717644 -2.921749830 -1.638505697 -0.180557534 -0.802849412 -0.160274699 0.545108974
1403715922784058112.000000 0.476357847 -2.973728418 -0.306290090 -0.112440348 -0.797041953 -0.072020471 0.588977337
1403715923384058112.000000 0.508639038 -2.997661352 -0.084113255 -0.110313140 -0.812904596 -0.070838667 0.567449689
1403715923684058112.000000 0.537196100 -3.026696444 0.000528462 -0.132783800 -0.807975590 -0.036990128 0.572866142
1403715923984058112.000000 0.577887416 -3.006877422 -0.086436510 -0.128995031 -0.791331053 -0.039910261 0.596290767
1403715924384058112.000000 0.710378230 -2.921948433 -0.320090413 -0.111679539 -0.796800733 -0.065438285 0.590215266
1403715924484058112.000000 0.757731676 -2.898609877 -0.378518492 -0.113360018 -0.804302871 -0.064817213 0.579694033
1403715924584058112.000000 0.806371868 -2.874769449 -0.435144514 -0.116040304 -0.811000347 -0.064098962 0.569828451
1403715924984058112.000000 0.998736858 -2.733375311 -0.651100695 -0.183613583 -0.793888986 -0.082473129 0.573780894
1403715925134057984.000000 1.081352234 -2.654825926 -0.712619960 -0.211132005 -0.772437096 -0.123730429 0.586050272
1403715925234057984.000000 1.145395756 -2.601591587 -0.737852752 -0.233368471 -0.761462986 -0.146466449 0.586737514
1403715926034057984.000000 1.874662757 -2.156782627 -0.785836279 -0.446319371 -0.680678248 -0.277964145 0.510109961
1403715926134057984.000000 1.988330126 -2.093104362 -0.799313009 -0.470095694 -0.655729830 -0.300549060 0.508624434
1403715926284058112.000000 2.169377327 -2.005698204 -0.844918191 -0.506662905 -0.616927922 -0.334763885 0.500625432
1403715926384058112.000000 2.298507214 -1.954864740 -0.888716042 -0.528055370 -0.592788637 -0.360883802 0.489409864
1403715926584058112.000000 2.571226120 -1.882668257 -0.982018769 -0.561149001 -0.549088657 -0.417092532 0.457872510
1403715927184058112.000000 3.369493961 -1.861902356 -1.157753468 -0.657208622 -0.472885340 -0.489828974 0.323301613
1403715930134057984.000000 3.372360945 -2.826284409 -1.175752044 -0.800384343 -0.067690827 -0.584801018 0.113184251
1403715932384058112.000000 4.958721161 -2.712849617 -0.889866054 -0.735492647 -0.095944151 -0.666844487 0.071859188
1403715932584058112.000000 5.063033581 -2.678905725 -0.837293744 -0.703813255 -0.090380684 -0.700098753 0.079624757
1403715934434057984.000000 4.671320915 -2.627887011 -0.147723421 -0.709620535 -0.058238629 -0.700130045 0.053525735
1403715934634057984.000000 4.773731709 -2.596471071 -0.132838741 -0.661000729 -0.056638915 -0.745606899 0.062773533
1403715934934057984.000000 4.551340580 -2.611420870 -0.104706243 -0.695856750 -0.060938042 -0.711442828 0.076936260
1403715936384058112.000000 3.532402277 -2.713745594 -0.398403376 -0.781076193 -0.062021255 -0.619801164 0.043816973
1403715936884058112.000000 3.669533014 -2.604341984 -0.467230976 -0.764729679 -0.044110678 -0.640695214 0.052464496
1403715938134057984.000000 3.171092510 -2.460067749 -0.948064148 -0.827975333 -0.253995240 -0.474903077 0.156238154
1403715940984058112.000000 3.709751368 -0.947200716 -0.442059517 -0.818540514 -0.399730235 -0.368819118 0.184877247
1403715941584058112.000000 4.093169689 -0.202056259 -0.143151194 -0.633874595 -0.296536624 -0.633943498 0.329218477
1403715941734057984.000000 4.114336014 -0.129706651 -0.150615454 -0.610529721 -0.278746724 -0.652576506 0.351706713
1403715941934057984.000000 4.063551426 -0.172304168 -0.182338193 -0.591974616 -0.270013809 -0.667681813 0.361745268
1403715943934057984.000000 3.750421286 -0.734860301 -1.208289385 -0.623567879 -0.331137270 -0.620748281 0.340856045
1403715946884058112.000000 3.228594065 -0.569881320 -0.349881083 -0.498923689 -0.582231462 -0.423266590 0.482625216
1403715947034057984.000000 3.178717852 -0.487383068 -0.309326202 -0.482648581 -0.568512857 -0.439307064 0.500852108
1403715947384058112.000000 3.092761517 -0.537234664 -0.252210051 -0.470035881 -0.527572453 -0.464368641 0.533943176
1403715947534057984.000000 3.072944641 -0.670953810 -0.278258979 -0.515789092 -0.568105280 -0.418797642 0.485619783
1403715947984058112.000000 3.056590080 -1.128001690 -0.497527838 -0.593669176 -0.657717288 -0.296786696 0.356205732
1403715948134057984.000000 3.053599119 -1.194194198 -0.585029125 -0.599309206 -0.677938223 -0.273721308 0.326044351
1403715950784058112.000000 2.293570280 -0.024412047 -0.918115377 -0.309584707 -0.638632119 -0.325981468 0.624533892
1403715950934057984.000000 2.269754648 -0.074038863 -0.893841803 -0.307398647 -0.633680880 -0.324732184 0.631271422
1403715952784058112.000000 1.740346313 -0.369903654 -0.467508256 -0.137361079 -0.679372847 -0.129914388 0.709018171
1403715952934057984.000000 1.846001387 -0.380086422 -0.428492039 -0.134108722 -0.694508851 -0.123351514 0.696029246
1403715953734057984.000000 2.584897757 -0.484139740 -0.551293969 -0.101642251 -0.908629119 -0.026979184 0.404146284
1403715953884058112.000000 2.520376682 -0.439254910 -0.557117581 -0.065724127 -0.909247935 -0.031997781 0.409786224
1403715954684058112.000000 1.667079449 -0.472873509 -0.619270027 -0.020659771 -0.692872107 -0.033888809 0.719967365
1403715955584058112.000000 2.247657299 -0.935170591 -0.681234241 -0.063507073 -0.896667540 0.006074495 0.438083798
1403715955734057984.000000 2.244213581 -0.980812371 -0.664934874 -0.047764465 -0.905735373 0.017873833 0.420764148
1403715957334057984.000000 2.642962217 -0.951516271 -0.379629791 0.227944419 -0.849472404 0.139329374 0.455000401
1403715957634057984.000000 2.859112501 -0.953558147 -0.490482420 0.231824115 -0.892875612 0.113966867 0.368839264
1403715957934057984.000000 2.732083321 -1.133614063 -0.574429333 0.235489085 -0.837463796 0.137883499 0.473484486
1403715958484058112.000000 2.367668629 -1.569968343 -0.686252892 -0.273859501 0.647959054 -0.256046057 -0.663016200
1403715958734057984.000000 2.438468933 -1.597172618 -0.749960482 0.304388046 -0.644012272 0.306362003 0.631457448
1403715960384058112.000000 2.886132717 -1.612983584 -0.806442857 -0.457029462 0.531505167 -0.453727216 -0.550234497
1403715961234057984.000000 3.215140104 -0.976110995 -0.677828372 0.573379338 -0.714595199 0.238741696 0.321857482
1403715961384058112.000000 3.269664764 -1.011402369 -0.631263793 0.554602861 -0.718371212 0.267166317 0.324007064
1403715962084058112.000000 3.343547583 -1.637812853 -0.387433052 -0.512245476 0.480010986 -0.507977724 -0.499152035
1403715962234057984.000000 3.357605457 -1.650643826 -0.392016023 -0.507934153 0.447310895 -0.542991161 -0.497068018
1403715965084058112.000000 3.080943823 -0.605185449 -1.316233039 0.728594422 -0.285748124 0.596379936 0.178407595
1403715967634057984.000000 3.517271280 -0.561820447 -0.573748589 0.693736136 -0.275190949 0.627348065 0.222338974
1403715969384058112.000000 2.658067226 0.042972766 -0.970732033 0.861707568 -0.232764199 0.436068118 0.114566967
1403715969584058112.000000 2.566305399 0.068036109 -1.043672681 0.885886431 -0.219742075 0.386748582 0.131697074
1403715971134057984.000000 2.972631931 0.470236719 -1.033270121 0.882134974 -0.241813898 0.401275009 0.048396684
1403715971284058112.000000 3.013614893 0.398813099 -0.967733085 0.883127332 -0.183925077 0.422546595 0.087818421
1403715974234057984.000000 2.318876266 -0.194990650 -0.491871864 -0.841013968 -0.027407711 -0.538129508 0.048588905
1403715977184058112.000000 3.367679834 -1.267714858 -0.541696608 -0.806695640 -0.149889603 -0.565630436 0.082689457
1403715978584058112.000000 3.313066483 -0.321725905 -0.600918055 -0.578671277 -0.560217261 -0.451276004 0.384247452
1403715980284058112.000000 1.992638230 -0.462157369 -0.518848538 0.024113869 -0.780631065 -0.039531551 0.623274505
1403715980634057984.000000 1.954337478 -0.893300176 -0.496071458 0.146100208 -0.765831590 0.097606175 0.618570864
1403715980784058112.000000 1.990428925 -1.077365756 -0.493318260 0.202113450 -0.754956067 0.153760865 0.604606569
1403715980934057984.000000 2.053725243 -1.248109937 -0.493813783 0.259368092 -0.740726054 0.207543761 0.583933890
1403715981284058112.000000 2.278817415 -1.559582710 -0.490815103 0.395804912 -0.668758333 0.332441688 0.534400046
1403715981434057984.000000 2.396701097 -1.640364528 -0.484526366 0.453674197 -0.627217948 0.385128319 0.502447546
1403715981884058112.000000 2.752997160 -1.629251599 -0.455128014 0.620235860 -0.475499630 0.492702216 0.382690817
1403715982034057984.000000 2.860015154 -1.545841217 -0.451125562 0.668799937 -0.428846806 0.506135762 0.335594445
1403715982434057984.000000 3.112128019 -1.229231715 -0.431581914 0.742724717 -0.295962721 0.553424358 0.233425766
1403715982734057984.000000 3.263288260 -0.916262567 -0.419721752 0.778389990 -0.181050569 0.582135141 0.149827778
1403715982884058112.000000 3.319088697 -0.739320278 -0.415096402 0.791294694 -0.118585408 0.591029525 0.102344424
1403715983184058112.000000 3.376912832 -0.362490714 -0.409785002 -0.800253570 -0.002474483 -0.599610269 -0.007457589
1403715983334057984.000000 3.380187750 -0.169961840 -0.407707810 -0.795731544 -0.066279456 -0.600487411 0.042817056
1403715983784058112.000000 3.262616873 0.361189485 -0.394743115 -0.729096830 -0.241709873 -0.600835025 0.221340075
1403715984234057984.000000 2.927923918 0.621526778 -0.373510569 -0.671913445 -0.385065734 -0.530128062 0.345284075
1403715984384058112.000000 2.793535471 0.629001379 -0.361105442 -0.648905873 -0.425486535 -0.505419850 0.377403170
1403715984534057984.000000 2.658860207 0.600093007 -0.346602082 -0.621681154 -0.469824910 -0.482480675 0.399986833
1403715984584058112.000000 2.614380360 0.583167315 -0.342680275 -0.614510357 -0.487789810 -0.471075952 0.403144538
1403715984834057984.000000 2.392752886 0.464800060 -0.327174693 -0.566381931 -0.568005264 -0.404839277 0.438960999
1403715984884058112.000000 2.350094795 0.436741650 -0.324143171 -0.554014742 -0.579808474 -0.391726583 0.451043487
1403715985684058112.000000 1.845308304 -0.195306301 -0.283990920 -0.512704909 -0.649531960 -0.345338047 0.442700446
1403715986134057984.000000 1.594148874 -0.542157173 -0.386498213 -0.572680295 -0.610750556 -0.330607146 0.435568541
1403715986484058112.000000 1.472500324 -0.691201568 -0.550231099 -0.551584899 -0.606012762 -0.366692007 0.440499395
1403715986884058112.000000 1.376799226 -0.796752453 -0.758457124 -0.561059952 -0.636580586 -0.342551976 0.403280318
1403715987234057984.000000 1.301588655 -0.778727412 -0.900596440 -0.571503699 -0.572685301 -0.374231040 0.453173637
1403715987484058112.000000 1.294842362 -0.779154420 -0.992457271 -0.579732716 -0.560917139 -0.398634672 0.436316729
1403715987884058112.000000 1.321456194 -0.820164382 -1.116245985 -0.584608674 -0.587085605 -0.392532945 0.399350852
1403715988134057984.000000 1.332321048 -0.829423606 -1.179502010 -0.581939876 -0.594420195 -0.386816323 0.397974610
1403715988484058112.000000 1.331790447 -0.810715973 -1.236675978 -0.565011680 -0.581023574 -0.403286248 0.424892396
1403715988884058112.000000 1.342108250 -0.825139523 -1.277853727 -0.585255265 -0.577467680 -0.378322750 0.425299019
1403715989184058112.000000 1.389742732 -0.836259484 -1.284423232 -0.583328903 -0.584966660 -0.386608571 0.409969866
1403715989384058112.000000 1.425989985 -0.832700551 -1.284556508 -0.583026469 -0.583838940 -0.389903069 0.408886075
1403715989834057984.000000 1.507843375 -0.798175931 -1.289679646 -0.571959853 -0.578650057 -0.405988455 0.416172326
1403715990234057984.000000 1.559401870 -0.781117141 -1.328138590 -0.566221535 -0.586748064 -0.407696962 0.410978347
1403715990684058112.000000 1.559768319 -0.785933018 -1.438574433 -0.566696167 -0.596428990 -0.402953476 0.400944501
1403715991084058112.000000 1.486083746 -0.764973462 -1.547204375 -0.565977573 -0.600293875 -0.401493877 0.397642434
1403715991184058112.000000 1.466971159 -0.757633746 -1.548835635 -0.563908339 -0.595591128 -0.404416859 0.404630274
1403715991634057984.000000 1.467169166 -0.757707179 -1.551276445 -0.565238118 -0.592009723 -0.402576625 0.409832090
1403715991984058112.000000 1.467193365 -0.757716358 -1.553187609 -0.565139472 -0.591819525 -0.402690440 0.410131127
1403715992484058112.000000 1.467044234 -0.757803321 -1.553000331 -0.565463543 -0.591686547 -0.402367532 0.410193086
1403715992984058112.000000 1.467177391 -0.758383036 -1.552721620 -0.565670907 -0.591545224 -0.402179599 0.410295427
1403715993484058112.000000 1.466948152 -0.758413255 -1.552690148 -0.565790296 -0.591516316 -0.401978314 0.410369664
1403715993984058112.000000 1.467270613 -0.758351326 -1.552764654 -0.565675974 -0.591168284 -0.402186245 0.410824746
