1403638539527829504.000000 25.625877380 -6.706491470 -14.019376755 -0.567954898 -0.595341027 -0.390199542 0.413207829
1403638539577829376.000000 25.625520706 -6.701494217 -14.003298759 -0.567614794 -0.595971227 -0.389935225 0.413016200
1403638539827829504.000000 25.623006821 -6.674805164 -13.956562042 -0.567366838 -0.599678338 -0.386443377 0.411269039
1403638540977829376.000000 25.520347595 -6.269618511 -13.868355751 -0.478455573 -0.675000846 -0.345186502 0.443057984
1403638541227829504.000000 25.445270538 -6.152133465 -13.869389534 -0.446889758 -0.695711017 -0.324121952 0.459587485
1403638541877829376.000000 25.119020462 -5.866537094 -13.760839462 -0.422873110 -0.706845164 -0.300622165 0.480806202
1403638542127829504.000000 24.950807571 -5.774337292 -13.696345329 -0.388125271 -0.729259133 -0.269835502 0.494700700
1403638542677829376.000000 24.555162430 -5.599733829 -13.644491196 -0.281791747 -0.761429667 -0.246454120 0.529224694
1403638542777829376.000000 24.477626801 -5.585166454 -13.630157471 -0.285047799 -0.763784945 -0.234658048 0.529448748
1403638543377829376.000000 23.993396759 -5.580381393 -13.490753174 -0.305906415 -0.766451240 -0.210708708 0.523999751
1403638543477829376.000000 23.909324646 -5.581491470 -13.480420113 -0.301729947 -0.768495560 -0.207944989 0.524530828
1403638543627829504.000000 23.781215668 -5.584300041 -13.472023010 -0.282942176 -0.776839554 -0.198818922 0.526246309
1403638543777829376.000000 23.648584366 -5.590282917 -13.464410782 -0.252272934 -0.787398756 -0.183959559 0.531526566
1403638544227829504.000000 23.220943451 -5.616570950 -13.367982864 -0.188114062 -0.804533482 -0.127318293 0.548752308
1403638544527829504.000000 22.928464890 -5.622436523 -13.335003853 -0.183474287 -0.805941582 -0.122030795 0.549457848
1403638544727829504.000000 22.730045319 -5.621946335 -13.309014320 -0.177742824 -0.798091114 -0.122702397 0.562496483
1403638545177829376.000000 22.300086975 -5.617341518 -13.273921013 -0.176364869 -0.803527653 -0.118192121 0.556119978
1403638545377829376.000000 22.113698959 -5.613003731 -13.294761658 -0.173790276 -0.801493466 -0.119684175 0.559536338
1403638545827829504.000000 21.702053070 -5.616362572 -13.330104828 -0.125793993 -0.813488245 -0.083314985 0.561668336
1403638546177829376.000000 21.387035370 -5.623982430 -13.280122757 -0.052789897 -0.823952377 -0.045293614 0.562373817
1403638546627829504.000000 20.968301773 -5.648441315 -13.285792351 -0.032773945 -0.826266885 -0.023043372 0.561852276
1403638546777829376.000000 20.821979523 -5.660566807 -13.274451256 -0.021485776 -0.826381207 -0.018004460 0.562412977
1403638547077829376.000000 20.517944336 -5.693251133 -13.226314545 -0.005971470 -0.827375829 -0.020844249 0.561230063
1403638547227829504.000000 20.362319946 -5.718051434 -13.219925880 -0.001134326 -0.828103483 -0.025332229 0.560001612
1403638547827829504.000000 19.715574265 -5.888678551 -13.278170586 -0.011752949 -0.828310251 -0.019568514 0.559804559
1403638548027829504.000000 19.488739014 -5.961401463 -13.315999985 -0.010489832 -0.828475535 -0.018290855 0.559628248
1403638548227829504.000000 19.252164841 -6.046085835 -13.324337959 0.002717989 -0.829225302 -0.005542994 0.558880329
1403638548377829376.000000 19.073177338 -6.116157055 -13.309728622 0.023270067 -0.830110133 0.010000521 0.557024002
1403638548677829376.000000 18.707269669 -6.263510227 -13.263976097 0.056410335 -0.827782810 0.035123087 0.557099581
1403638549227829504.000000 18.018302917 -6.542517662 -13.141934395 0.066035293 -0.826791883 0.044801395 0.556818962
1403638549377829376.000000 17.824916840 -6.620703220 -13.080840111 0.062473658 -0.826249301 0.047658909 0.557797313
1403638549527829504.000000 17.630241394 -6.698709965 -13.024596214 0.059267763 -0.825825214 0.049773991 0.558589816
1403638549677829376.000000 17.435068130 -6.774659157 -12.979952812 0.057746682 -0.823493540 0.050068572 0.562153816
1403638549877829376.000000 17.173961639 -6.870601654 -12.918525696 0.057239648 -0.825080097 0.048801955 0.559986532
1403638550077829376.000000 16.899826050 -6.963505268 -12.827290535 0.056343559 -0.825895727 0.049753271 0.558790147
1403638550227829504.000000 16.690666199 -7.029567719 -12.739867210 0.056214210 -0.826308548 0.051510911 0.558033109
1403638550527829504.000000 16.271177292 -7.151182175 -12.555074692 0.055033553 -0.825377405 0.055440646 0.559151053
1403638550677829376.000000 16.059032440 -7.205193996 -12.482052803 0.052468050 -0.821039140 0.059136651 0.565371394
1403638550827829504.000000 15.848649025 -7.251489162 -12.418678284 0.050875802 -0.816795886 0.060660359 0.571468711
1403638551027829504.000000 15.576663017 -7.300114155 -12.346205711 0.049018346 -0.805687547 0.062078457 0.587035894
1403638551227829504.000000 15.329852104 -7.331216335 -12.277011871 0.045804255 -0.802636802 0.067842811 0.590824544
1403638551427829504.000000 15.113938332 -7.335412025 -12.196057320 0.030691942 -0.809215069 0.063286699 0.583287060
1403638551627829504.000000 14.917721748 -7.308299541 -12.131525993 -0.012550767 -0.813257754 0.049140174 0.579689085
1403638551777829376.000000 14.777996063 -7.265726566 -12.096102715 -0.047818802 -0.812678039 0.032343015 0.579846323
1403638551977829376.000000 14.603116989 -7.177992821 -12.054627419 -0.074212298 -0.808752358 0.000722981 0.583448172
1403638552627829504.000000 14.152030945 -6.740802765 -11.832608223 -0.091672629 -0.797954679 -0.014940984 0.595517635
1403638552827829504.000000 14.061359406 -6.566802979 -11.800410271 -0.086549029 -0.799834192 -0.015615234 0.593743026
1403638553027829504.000000 13.997524261 -6.375417233 -11.786548615 -0.074973211 -0.804759204 -0.022765057 0.588407636
1403638553377829376.000000 13.938175201 -6.023903847 -11.778140068 -0.065796413 -0.791601598 -0.021300158 0.607111216
1403638553577829376.000000 13.953619957 -5.819079399 -11.747562408 -0.054420851 -0.788370073 -0.033770259 0.611858249
1403638553777829376.000000 14.021980286 -5.624217987 -11.696637154 -0.050877448 -0.790554464 -0.036869295 0.609159887
1403638555577829376.000000 15.218384743 -4.176111221 -11.444734573 -0.100399889 -0.812767982 -0.057781331 0.570954978
1403638556177829376.000000 15.604718208 -3.684503794 -11.354334831 -0.101890035 -0.819350064 -0.057078730 0.561271846
1403638556377829376.000000 15.717697144 -3.517092466 -11.330364227 -0.103833698 -0.824500382 -0.053935181 0.553632379
1403638556727829504.000000 15.869274139 -3.208487034 -11.294926643 -0.114250310 -0.824784458 -0.041732054 0.552210093
1403638557327829504.000000 16.059759140 -2.567741632 -11.178641319 -0.110874511 -0.814953625 -0.044089090 0.567109942
1403638557977829376.000000 16.230596542 -1.797503829 -11.078162193 -0.096498102 -0.818283141 -0.065421015 0.562868476
1403638558777829376.000000 16.233728409 -0.914486289 -10.929921150 -0.113676585 -0.832677305 -0.048840977 0.539759874
1403638558977829376.000000 16.164428711 -0.684056461 -10.876639366 -0.112322681 -0.825903416 -0.051731855 0.550082743
1403638559377829376.000000 15.992509842 -0.208654732 -10.849695206 -0.099535778 -0.819648921 -0.065989248 0.560280085
1403638559577829376.000000 15.901199341 0.019023836 -10.871225357 -0.093681306 -0.818541586 -0.071481705 0.562231243
1403638560177829376.000000 15.608149529 0.628161311 -10.950551987 -0.134449646 -0.810422003 -0.090308361 0.563013136
1403638561177829376.000000 15.317287445 1.503608227 -11.198552132 -0.357353330 -0.715020299 -0.229121998 0.555470765
1403638561777829376.000000 15.479568481 1.906130672 -11.224519730 -0.371612221 -0.723614872 -0.257887602 0.521325111
1403638561977829376.000000 15.555844307 2.017610073 -11.271521568 -0.374763280 -0.721321464 -0.265541494 0.518397033
1403638562277829376.000000 15.678945541 2.158711195 -11.322854042 -0.398491800 -0.707405090 -0.285743356 0.509051204
1403638562877829376.000000 15.951773643 2.362987280 -11.294420242 -0.500273108 -0.636819899 -0.334036440 0.482293427
1403638563277829376.000000 16.204750061 2.454303026 -11.315511703 -0.559538662 -0.584093928 -0.371692181 0.455626756
1403638563627829504.000000 16.492626190 2.481467009 -11.381224632 -0.564192414 -0.565807998 -0.391128987 0.456690758
1403638563777829376.000000 16.637258530 2.465666771 -11.395281792 -0.567745388 -0.568227828 -0.384305477 0.455073297
1403638563927829504.000000 16.794563293 2.438087702 -11.390652657 -0.566757202 -0.568668604 -0.380773067 0.458709359
1403638564227829504.000000 17.149744034 2.349579334 -11.382908821 -0.557883501 -0.574583471 -0.376933575 0.465339690
1403638564377829376.000000 17.347312927 2.289114952 -11.381330490 -0.550696909 -0.577796519 -0.379709691 0.467658699
1403638564527829504.000000 17.557229996 2.216209650 -11.365404129 -0.546416819 -0.580282152 -0.380661309 0.468826532
1403638564727829504.000000 17.854413986 2.095360756 -11.345184326 -0.551763237 -0.580191314 -0.370574683 0.470754594
1403638565327829504.000000 18.881502151 1.642211914 -11.555504799 -0.556963444 -0.577679157 -0.365783334 0.471466959
1403638565527829504.000000 19.269088745 1.470741510 -11.681011200 -0.553946614 -0.578554869 -0.373453289 0.467920989
1403638565727829504.000000 19.673252106 1.287210941 -11.778591156 -0.546246469 -0.584428549 -0.390409678 0.455673575
1403638565927829504.000000 20.075504303 1.083327889 -11.847369194 -0.546477735 -0.591260433 -0.395295829 0.442170262
1403638566277829376.000000 20.747175217 0.694365263 -11.993885994 -0.548338056 -0.591203749 -0.395198196 0.440024972
1403638566427829504.000000 21.022033691 0.521213055 -12.085361481 -0.548184991 -0.592468619 -0.393991202 0.439596623
1403638566627829504.000000 21.377994537 0.288634896 -12.226963997 -0.551464856 -0.598891199 -0.384768039 0.434936136
1403638566827829504.000000 21.720785141 0.062398151 -12.390641212 -0.562759161 -0.618120492 -0.363577217 0.411145777
1403638567027829504.000000 22.048545837 -0.137003630 -12.563847542 -0.563835502 -0.625086069 -0.356610864 0.405198306
1403638567227829504.000000 22.359174728 -0.305557907 -12.736951828 -0.545294404 -0.609616518 -0.382243484 0.430013537
1403638567377829376.000000 22.582750320 -0.426827997 -12.879569054 -0.540640891 -0.606130481 -0.390525967 0.433362305
1403638567527829504.000000 22.797805786 -0.551051617 -13.016016006 -0.543139756 -0.606788754 -0.390744835 0.429098040
1403638567677829376.000000 23.003767014 -0.676853955 -13.134749413 -0.547679961 -0.609919310 -0.388397813 0.420942217
1403638567827829504.000000 23.197168350 -0.798317552 -13.233535767 -0.551748693 -0.613676846 -0.385361880 0.412880599
1403638567977829376.000000 23.377105713 -0.909085095 -13.316705704 -0.555404365 -0.613108218 -0.382242858 0.411721706
1403638568127829504.000000 23.545269012 -1.009468079 -13.382884026 -0.553607225 -0.613482118 -0.385628432 0.410425901
1403638568327829504.000000 23.750930786 -1.134357810 -13.446343422 -0.552593529 -0.613498926 -0.388569593 0.408990532
1403638568977829376.000000 24.261671066 -1.441395640 -13.667517662 -0.554467261 -0.617856860 -0.386120677 0.402156442
1403638569177829376.000000 24.366718292 -1.497223735 -13.688589096 -0.554255724 -0.618871212 -0.387138814 0.399903238
1403638570677829376.000000 24.501211166 -1.595164657 -13.880406380 -0.609497845 -0.550600648 -0.375608623 0.429266334
1403638572477829376.000000 25.848424911 -2.236785650 -14.231977463 -0.766329408 -0.321926922 -0.499719530 0.243685678
1403638572677829376.000000 26.084445953 -2.350068092 -14.243461609 -0.773240566 -0.308406860 -0.506292403 0.225060225
1403638572877829376.000000 26.332614899 -2.450111389 -14.228123665 -0.774887562 -0.311924547 -0.508294165 0.209497854
1403638573077829376.000000 26.587919235 -2.529320955 -14.196354866 -0.775888085 -0.316704303 -0.505280554 0.205882624
1403638573277829376.000000 26.848636627 -2.586524487 -14.180544853 -0.775451541 -0.321081907 -0.502436876 0.207698271
1403638573477829376.000000 27.117389679 -2.620932102 -14.160717010 -0.775449812 -0.322328150 -0.502877533 0.204686180
1403638573677829376.000000 27.394681931 -2.627847195 -14.113061905 -0.776284933 -0.321964473 -0.504082322 0.199051857
1403638573877829376.000000 27.675357819 -2.610375881 -14.052565575 -0.774149477 -0.305278480 -0.521657526 0.188072369
1403638574077829376.000000 27.952175140 -2.575181246 -14.011846542 -0.777771711 -0.255105168 -0.543261290 0.186707735
1403638574277829376.000000 28.218507767 -2.547130823 -13.993728638 -0.786736727 -0.193788186 -0.557620883 0.180417210
1403638574477829376.000000 28.474758148 -2.544958115 -13.991397858 -0.799598813 -0.150162011 -0.562733650 0.146369174
1403638574677829376.000000 28.722997665 -2.564757109 -13.978926659 -0.804839492 -0.123202771 -0.568337917 0.118518166
1403638574877829376.000000 28.963106155 -2.595127583 -13.942419052 -0.811308146 -0.120184772 -0.564223468 0.094798341
1403638575077829376.000000 29.198314667 -2.625690460 -13.918868065 -0.818491757 -0.115456738 -0.554383099 0.096955866
1403638575227829504.000000 29.376646042 -2.650367737 -13.915483475 -0.818885863 -0.110203266 -0.553106248 0.106557921
1403638575427829504.000000 29.620126724 -2.692999125 -13.926429749 -0.822694004 -0.114328951 -0.546143115 0.108770788
1403638575627829504.000000 29.875413895 -2.743560314 -13.944201469 -0.825037181 -0.127273932 -0.541177213 0.101204649
1403638575827829504.000000 30.146717072 -2.794168234 -13.935583115 -0.827360153 -0.141008720 -0.536209226 0.089841031
1403638576027829504.000000 30.434446335 -2.828921318 -13.890040398 -0.826916754 -0.144140124 -0.535992503 0.090246283
1403638576177829376.000000 30.658363342 -2.844448566 -13.837673187 -0.824965954 -0.143907964 -0.538926780 0.090992965
1403638576377829376.000000 30.966865540 -2.851640224 -13.776467323 -0.821907103 -0.149093762 -0.543514848 0.082652308
1403638576577829376.000000 31.282831192 -2.839099407 -13.737097740 -0.821893930 -0.157802016 -0.543014944 0.068729796
1403638576727829504.000000 31.522277832 -2.809433460 -13.718260765 -0.819375455 -0.160492703 -0.546500027 0.064836130
1403638576877829376.000000 31.760646820 -2.761199713 -13.709277153 -0.812172055 -0.158167616 -0.557346940 0.068731681
1403638577027829504.000000 31.992334366 -2.697969198 -13.711233139 -0.809688628 -0.149713501 -0.561686099 0.080616251
1403638577227829504.000000 32.289314270 -2.601249933 -13.700899124 -0.809642136 -0.142769024 -0.562210202 0.089534394
1403638577427829504.000000 32.578453064 -2.493591785 -13.662049294 -0.808361650 -0.152959496 -0.563427687 0.075525410
1403638577577829376.000000 32.787445068 -2.401258469 -13.626868248 -0.808993757 -0.153169960 -0.562467933 0.075484589
1403638577727829504.000000 32.988117218 -2.300436497 -13.605674744 -0.810309410 -0.150740266 -0.560636818 0.079764634
1403638577927829504.000000 33.249114990 -2.154227257 -13.600050926 -0.810661733 -0.150483906 -0.559783995 0.082608528
1403638578277829376.000000 33.689838409 -1.864274859 -13.559513092 -0.810736239 -0.139950946 -0.559096932 0.102621697
1403638578427829504.000000 33.876289368 -1.739225507 -13.532952309 -0.810886204 -0.136876717 -0.558980465 0.106156901
1403638578577829376.000000 34.059551239 -1.620543480 -13.518157005 -0.810887933 -0.135929868 -0.559207797 0.106162928
1403638578727829504.000000 34.239372253 -1.508443594 -13.511731148 -0.809592426 -0.138630047 -0.561318815 0.101306640
1403638581527829504.000000 36.270095825 0.243542984 -13.585099220 -0.690618098 -0.442078531 -0.484343678 0.304999262
1403638584277829376.000000 36.068470001 0.868581653 -12.799422264 -0.673905134 -0.426672727 -0.518419147 0.308291912
1403638584677829376.000000 35.844261169 0.890463173 -12.788799286 -0.673007190 -0.426518440 -0.518972337 0.309533596
1403638585177829376.000000 35.471893311 0.826536834 -12.721248627 -0.693882167 -0.434020847 -0.490670711 0.298991114
1403638585377829376.000000 35.314990997 0.797444820 -12.725850105 -0.690236926 -0.432145357 -0.495535880 0.302105308
1403638586377829376.000000 34.553585052 0.730387270 -12.558436394 -0.691564381 -0.432846844 -0.495934248 0.297374606
1403638586777829376.000000 34.243274689 0.724505782 -12.553202629 -0.689428687 -0.432513177 -0.499618441 0.296651155
1403638587177829376.000000 33.902774811 0.702964962 -12.622829437 -0.690101743 -0.431693703 -0.497834772 0.299266875
1403638587577829376.000000 33.543342590 0.667306364 -12.628303528 -0.694890499 -0.432177633 -0.491565287 0.297847688
1403638588177829376.000000 33.007579803 0.611341000 -12.730880737 -0.691772580 -0.433357537 -0.497099221 0.294184059
1403638588627829504.000000 32.592288971 0.571409225 -12.785906792 -0.691902757 -0.433242232 -0.496104151 0.295723677
1403638589027829504.000000 32.201114655 0.521072209 -12.768444061 -0.693769455 -0.428024799 -0.494624197 0.301373154
1403638589227829504.000000 32.007637024 0.490336478 -12.794269562 -0.693205655 -0.428245664 -0.495868653 0.300309628
1403638589477829376.000000 31.767024994 0.445364714 -12.834750175 -0.693099320 -0.427813768 -0.496139318 0.300723225
1403638589827829504.000000 31.430761337 0.368937671 -12.831104279 -0.695649564 -0.428489715 -0.493012041 0.299010754
1403638590227829504.000000 31.053726196 0.273883075 -12.851953506 -0.696204484 -0.425918341 -0.494580120 0.298803419
1403638590627829504.000000 30.686027527 0.172046840 -12.924241066 -0.699334323 -0.426730484 -0.490749955 0.296643168
1403638590827829504.000000 30.509775162 0.123726986 -12.930669785 -0.701636195 -0.427509218 -0.487293482 0.295783132
1403638591527829504.000000 29.963602066 0.003901187 -12.899844170 -0.723720968 -0.435270548 -0.456415623 0.280093402
1403638591777829376.000000 29.823656082 0.026096897 -12.939216614 -0.724302709 -0.434577376 -0.455854595 0.280579329
1403638592027829504.000000 29.720907211 0.090708122 -12.961658478 -0.718248606 -0.430843204 -0.464485914 0.287656009
1403638592227829504.000000 29.661561966 0.169143781 -12.938759804 -0.710479319 -0.429324299 -0.470065355 0.299897134
1403638592627829504.000000 29.589689255 0.332694620 -12.789179802 -0.680495679 -0.465408534 -0.455076426 0.336490721
1403638592827829504.000000 29.579833984 0.407962620 -12.691851616 -0.678173244 -0.485417485 -0.438824415 0.334490687
1403638593227829504.000000 29.607299805 0.592073143 -12.545482635 -0.671642125 -0.493193984 -0.439234287 0.335752636
1403638593627829504.000000 29.665384293 0.823102593 -12.381726265 -0.653613865 -0.491794348 -0.470226198 0.331382871
1403638594027829504.000000 29.671087265 1.037365317 -12.270424843 -0.640448034 -0.483494550 -0.476898402 0.358646423
1403638595027829504.000000 29.513319016 1.246194243 -11.896881104 -0.641501725 -0.499685824 -0.457767755 0.359497190
1403638595427829504.000000 29.418128967 1.250549316 -11.852890015 -0.644248903 -0.499018759 -0.456395626 0.357248664
1403638595827829504.000000 29.324882507 1.229168773 -11.839832306 -0.641794443 -0.504593730 -0.459424645 0.349877298
1403638596227829504.000000 29.207588196 1.193423033 -11.893898964 -0.629191220 -0.518708467 -0.476649165 0.328428924
1403638596677829376.000000 28.912845612 1.163365364 -11.864578247 -0.608624220 -0.538119912 -0.499335408 0.301110774
1403638596927829504.000000 28.611373901 1.166419625 -11.780037880 -0.602242231 -0.541921794 -0.506160676 0.295679629
1403638597127829504.000000 28.295442581 1.177374363 -11.716063499 -0.599607408 -0.540618837 -0.511120617 0.294886619
1403638597327829504.000000 27.914506912 1.193958044 -11.677216530 -0.600593805 -0.534185410 -0.512731850 0.301727086
1403638597577829376.000000 27.357339859 1.210486889 -11.660854340 -0.609635234 -0.515083671 -0.504431903 0.329518020
1403638597777829376.000000 26.871885300 1.210624456 -11.669693947 -0.608443439 -0.515530467 -0.504759490 0.330519050
1403638597977829376.000000 26.355186462 1.196538091 -11.695396423 -0.595391631 -0.532176137 -0.506680667 0.324918568
1403638598177829376.000000 25.796705246 1.170487761 -11.709572792 -0.601511955 -0.529223442 -0.487658679 0.346835822
1403638598377829376.000000 25.216066360 1.127409220 -11.712607384 -0.614465773 -0.523159266 -0.464906126 0.364140749
1403638598627829504.000000 24.496454239 1.060231924 -11.746092796 -0.615382612 -0.530031621 -0.453011245 0.367629737
1403638598827829504.000000 23.930362701 1.000754952 -11.785424232 -0.599806011 -0.547040701 -0.443631113 0.379698098
1403638599027829504.000000 23.373792648 0.935763121 -11.806909561 -0.578932166 -0.570497036 -0.428091168 0.395105928
1403638599227829504.000000 22.823118210 0.863857090 -11.803602219 -0.552954555 -0.596355796 -0.412202567 0.410719067
1403638599427829504.000000 22.278650284 0.783330023 -11.775452614 -0.530145586 -0.622450531 -0.392046511 0.421664000
1403638599627829504.000000 21.743690491 0.700944960 -11.741276741 -0.520317078 -0.636018157 -0.378681034 0.425854146
1403638599827829504.000000 21.218542099 0.620788634 -11.737063408 -0.519653499 -0.639028549 -0.374251008 0.426073819
1403638600077829376.000000 20.574325562 0.537818789 -11.760287285 -0.531692982 -0.631470799 -0.363732845 0.431561828
1403638600327829504.000000 19.960823059 0.477467388 -11.806076050 -0.554895580 -0.618492126 -0.338149697 0.441829383
1403638600527829504.000000 19.518405914 0.454766363 -11.835954666 -0.564324141 -0.613089800 -0.328348845 0.444799036
1403638600727829504.000000 19.132068634 0.461342186 -11.830805779 -0.568303943 -0.614415228 -0.324441791 0.440751791
1403638600977829376.000000 18.719413757 0.516529918 -11.796174049 -0.556246817 -0.634593666 -0.338571072 0.416233093
1403638601227829504.000000 18.341556549 0.623562336 -11.783139229 -0.539912820 -0.643360078 -0.358734518 0.407297969
1403638601477829376.000000 17.960060120 0.770191789 -11.779747963 -0.521525025 -0.641333997 -0.363665283 0.429476410
1403638601727829504.000000 17.570718765 0.926764548 -11.743930817 -0.480448663 -0.664684176 -0.347521245 0.454524994
1403638601977829376.000000 17.176549911 1.069930434 -11.671932220 -0.423140526 -0.699559391 -0.321903229 0.477438062
1403638602177829376.000000 16.860588074 1.171020746 -11.627674103 -0.394040644 -0.715748370 -0.307825625 0.487523973
1403638602427829504.000000 16.455846786 1.268650651 -11.589971542 -0.350786984 -0.715822101 -0.283391178 0.533138514
1403638602677829376.000000 16.084625244 1.307056189 -11.506903648 -0.305647433 -0.696238041 -0.245509908 0.601296306
1403638603177829376.000000 15.670006752 1.163772225 -11.283871651 -0.229262128 -0.735119581 -0.163681775 0.616641164
1403638603427829504.000000 15.609776497 1.036673784 -11.231547356 -0.217784718 -0.777655184 -0.140732035 0.572727561
1403638603677829376.000000 15.589728355 0.911285341 -11.212808609 -0.205847010 -0.778713167 -0.139738232 0.575939298
1403638603927829504.000000 15.600539207 0.780634880 -11.234665871 -0.182571560 -0.772429943 -0.167196423 0.584863186
1403638604177829376.000000 15.640217781 0.605046868 -11.280560493 -0.173817426 -0.769322634 -0.180717692 0.587598085
1403638604427829504.000000 15.709633827 0.365785807 -11.291130066 -0.189540431 -0.776953697 -0.158383101 0.579078794
1403638604677829376.000000 15.801877975 0.095678240 -11.276869774 -0.196239725 -0.786981940 -0.150013849 0.565371752
1403638604927829504.000000 15.904575348 -0.180040509 -11.278630257 -0.203672692 -0.791271389 -0.140366986 0.559199631
1403638605177829376.000000 16.010492325 -0.445385516 -11.250712395 -0.209080532 -0.805161476 -0.132520378 0.538923621
1403638605427829504.000000 16.089521408 -0.681070268 -11.208542824 -0.196334943 -0.805271685 -0.150077656 0.538949788
1403638605677829376.000000 16.141551971 -0.914804995 -11.195371628 -0.175507337 -0.796618700 -0.177464053 0.550547361
1403638605927829504.000000 16.171855927 -1.188913822 -11.167256355 -0.172240958 -0.798093438 -0.182514161 0.547785163
1403638606177829376.000000 16.170387268 -1.508104682 -11.125265121 -0.168978035 -0.799852014 -0.190265924 0.543582737
1403638606427829504.000000 16.142591476 -1.877237916 -11.129662514 -0.183989137 -0.806208134 -0.173731878 0.534783840
1403638606677829376.000000 16.081157684 -2.264835358 -11.175744057 -0.200124696 -0.815474272 -0.142899990 0.523957491
1403638606977829376.000000 15.944962502 -2.704586029 -11.254067421 -0.164650574 -0.831108093 -0.108163454 0.520048201
1403638607277829376.000000 15.733768463 -3.090472460 -11.276786804 -0.124419570 -0.823225617 -0.074680082 0.548855424
1403638607577829376.000000 15.499279976 -3.425312281 -11.335422516 -0.114410877 -0.815231085 -0.060714938 0.564466357
1403638607877829376.000000 15.277475357 -3.716555595 -11.438673019 -0.115197763 -0.813465893 -0.061074518 0.566809177
1403638608177829376.000000 15.066248894 -3.962532282 -11.580330849 -0.119819783 -0.810130894 -0.065166660 0.570161879
1403638608677829376.000000 14.774179459 -4.307037830 -11.905148506 -0.116479561 -0.797612727 -0.075439498 0.586988330
1403638608927829504.000000 14.678771973 -4.467569351 -12.054038048 -0.118608318 -0.803022683 -0.071665749 0.579612553
1403638609177829376.000000 14.612470627 -4.613775730 -12.158761024 -0.122664928 -0.806435943 -0.065600418 0.574726999
1403638609477829376.000000 14.563376427 -4.757637978 -12.293889046 -0.125298247 -0.804611444 -0.063259006 0.576974154
1403638609777829376.000000 14.542651176 -4.869245052 -12.481704712 -0.121544302 -0.806486726 -0.069764622 0.574403286
1403638610177829376.000000 14.543141365 -4.980948448 -12.668808937 -0.121654890 -0.799173594 -0.070637651 0.584407508
1403638610477829376.000000 14.582373619 -5.041115761 -12.812529564 -0.122046694 -0.794621408 -0.071302772 0.590421438
1403638610777829376.000000 14.678188324 -5.091594219 -12.981975555 -0.120989047 -0.789009392 -0.071327560 0.598112285
1403638611077829376.000000 14.829913139 -5.130369186 -13.108196259 -0.121553041 -0.793572783 -0.066450529 0.592495918
1403638611377829376.000000 15.027615547 -5.150363445 -13.241416931 -0.114860788 -0.794251442 -0.073209681 0.592125058
1403638611677829376.000000 15.269659996 -5.177439213 -13.326422691 -0.102949619 -0.801176727 -0.094094723 0.581948042
1403638611977829376.000000 15.526758194 -5.233064651 -13.419464111 -0.121218614 -0.805228055 -0.071366146 0.576038718
1403638612277829376.000000 15.784742355 -5.277755260 -13.496767998 -0.125255585 -0.806192398 -0.068226896 0.574203849
1403638612627829504.000000 16.086204529 -5.302977085 -13.555870056 -0.120756924 -0.804234922 -0.081122041 0.576231897
1403638612927829504.000000 16.349845886 -5.326778889 -13.650760651 -0.120939881 -0.800036907 -0.090579756 0.580611587
1403638613227829504.000000 16.620792389 -5.372366428 -13.703321457 -0.126339003 -0.803094625 -0.086534150 0.575838029
1403638613627829504.000000 16.981428146 -5.448366165 -13.718025208 -0.134029701 -0.798839152 -0.088397197 0.579722345
1403638613927829504.000000 17.266824722 -5.511259556 -13.784876823 -0.154098094 -0.787160218 -0.098493092 0.589009166
1403638614227829504.000000 17.591653824 -5.572740078 -13.886954308 -0.199644938 -0.783576608 -0.133577555 0.572980583
1403638614527829504.000000 17.933240891 -5.640912056 -13.945424080 -0.233784974 -0.778681219 -0.148785472 0.562906027
1403638614827829504.000000 18.284118652 -5.698058605 -13.931906700 -0.279956490 -0.769224048 -0.154996365 0.553077638
1403638615127829504.000000 18.655467987 -5.711981297 -13.856908798 -0.341992259 -0.750225663 -0.196119487 0.530791879
1403638615427829504.000000 19.041702271 -5.685019493 -13.757037163 -0.401442826 -0.710609615 -0.268098056 0.511860430
1403638615677829376.000000 19.356971741 -5.661626339 -13.705972672 -0.447778374 -0.680897593 -0.305118352 0.492722958
1403638615927829504.000000 19.664161682 -5.647859097 -13.639332771 -0.472810924 -0.663495719 -0.319138885 0.484121531
1403638616177829376.000000 19.973237991 -5.642381668 -13.593888283 -0.499576241 -0.645019650 -0.336830616 0.470019519
1403638616427829504.000000 20.287029266 -5.642464638 -13.638249397 -0.536518693 -0.616516769 -0.359647453 0.450231731
1403638616677829376.000000 20.599025726 -5.646479130 -13.725708961 -0.564499557 -0.601477623 -0.367653012 0.429413825
1403638616977829376.000000 20.974060059 -5.629027367 -13.844146729 -0.583579063 -0.601717293 -0.353585511 0.415149510
1403638617277829376.000000 21.361078262 -5.550833225 -13.888963699 -0.568079412 -0.609556258 -0.368714929 0.412039131
1403638617627829504.000000 21.786931992 -5.406837940 -13.859133720 -0.564436376 -0.621992171 -0.362269044 0.404102117
1403638617927829504.000000 22.115470886 -5.224538803 -13.757164955 -0.556449115 -0.624837399 -0.365965784 0.407445312
1403638618227829504.000000 22.408016205 -5.003155231 -13.656592369 -0.554004729 -0.626143754 -0.363870651 0.410634816
1403638618527829504.000000 22.669919968 -4.754358768 -13.598116875 -0.550263643 -0.627472699 -0.364904016 0.412714273
1403638618827829504.000000 22.900648117 -4.477978706 -13.545052528 -0.555013537 -0.620857894 -0.372519255 0.409542412
1403638619127829504.000000 23.101594925 -4.182069778 -13.480393410 -0.572681904 -0.591526747 -0.401357740 0.401302367
1403638619427829504.000000 23.277433395 -3.890877724 -13.485697746 -0.618206620 -0.537081599 -0.434479058 0.374956042
1403638619727829504.000000 23.424551010 -3.612357378 -13.533825874 -0.649009705 -0.498274386 -0.438784629 0.371452719
1403638620027829504.000000 23.581649780 -3.358086586 -13.601181030 -0.657459974 -0.483764499 -0.441228509 0.372874975
1403638620327829504.000000 23.772294998 -3.146290064 -13.637519836 -0.652991593 -0.483281404 -0.451556832 0.368968159
1403638620827829504.000000 24.128156662 -2.890275717 -13.637220383 -0.655867159 -0.495112687 -0.439485788 0.362703711
1403638621327829504.000000 24.494491577 -2.675002098 -13.674813271 -0.640073597 -0.507466078 -0.451655656 0.358874828
1403638621827829504.000000 24.805372238 -2.516225100 -13.723077774 -0.628445446 -0.507018387 -0.461701930 0.367178589
1403638622827829504.000000 25.211122513 -2.562490702 -13.832848549 -0.613006353 -0.491847366 -0.485614479 0.382737577
1403638623327829504.000000 25.288539886 -2.838716030 -13.778349876 -0.634634137 -0.497707605 -0.458961457 0.372667581
1403638623827829504.000000 25.337736130 -3.228940487 -13.757888794 -0.636699915 -0.501650810 -0.458479941 0.364356875
1403638624327829504.000000 25.365631104 -3.688435555 -13.723834038 -0.645373285 -0.496786654 -0.452537090 0.363189429
1403638624827829504.000000 25.396530151 -4.179012299 -13.773042679 -0.635182381 -0.500560641 -0.460369408 0.366118014
1403638625177829376.000000 25.409820557 -4.560758591 -13.765599251 -0.634986937 -0.510588408 -0.441535562 0.375682682
1403638625677829376.000000 25.448137283 -5.101432800 -13.755724907 -0.633763790 -0.514880955 -0.437889785 0.376156390
1403638625977829376.000000 25.487363815 -5.412859917 -13.725853920 -0.639865339 -0.519584775 -0.430788547 0.367457986
1403638626477829376.000000 25.579822540 -5.879256725 -13.766058922 -0.632831454 -0.521711946 -0.442512989 0.362661511
1403638626977829376.000000 25.653686523 -6.272829056 -13.813902855 -0.641302764 -0.529903233 -0.428479880 0.352616489
1403638627377829376.000000 25.700920105 -6.495629787 -13.829221725 -0.638116896 -0.531961262 -0.430899829 0.352348566
1403638627677829376.000000 25.729782104 -6.614248753 -13.867502213 -0.634510398 -0.530150473 -0.436979413 0.354099095
1403638628027829504.000000 25.745292664 -6.716811180 -13.920772552 -0.633950472 -0.530746877 -0.439473897 0.351108760
1403638628327829504.000000 25.737398148 -6.779397964 -13.955065727 -0.636845469 -0.530559719 -0.437778503 0.348259091
1403638628627829504.000000 25.712911606 -6.810728550 -13.965545654 -0.638332009 -0.512229502 -0.436707258 0.373416752
1403638628927829504.000000 25.701385498 -6.841383934 -13.984930038 -0.636914432 -0.514785767 -0.439819098 0.368639261
1403638629227829504.000000 25.698326111 -6.870501995 -14.009285927 -0.633187830 -0.522395551 -0.444477141 0.358630925
1403638629527829504.000000 25.681949615 -6.891510487 -14.014440536 -0.641596496 -0.527792096 -0.433594525 0.348977506
1403638629827829504.000000 25.661916733 -6.882909775 -14.009752274 -0.647826612 -0.509719670 -0.426117301 0.372734100
1403638630127829504.000000 25.669061661 -6.869440556 -14.049218178 -0.629144728 -0.510421216 -0.453966349 0.370893091
1403638630527829504.000000 25.662193298 -6.856396198 -14.104209900 -0.631301701 -0.518270969 -0.447449714 0.364200681
1403638630927829504.000000 25.661659241 -6.856174946 -14.129341125 -0.641859055 -0.540328443 -0.422393739 0.342995197
1403638631077829376.000000 25.660350800 -6.866003990 -14.128911018 -0.641764224 -0.540688038 -0.422424465 0.342567891
1403638631227829504.000000 25.658855438 -6.875739574 -14.127290726 -0.642392755 -0.540231526 -0.421572477 0.343158990
1403638631427829504.000000 25.656875610 -6.888130188 -14.122631073 -0.642245471 -0.540250659 -0.421808213 0.343115062
