1403637130538319104.000000 0.000000000 0.000000000 0.000000000 -0.000000000 -0.000000000 -0.000000000 1.000000000
1403637133488318976.000000 0.003239540 -0.019817464 -0.010873185 -0.008980302 0.010784407 -0.003572872 0.999895155
1403637133938319104.000000 0.014924123 -0.113811672 -0.039308164 -0.030537304 0.038993545 0.001610604 0.998771429
1403637134238319104.000000 0.007013929 -0.299707711 -0.084803462 -0.021684851 0.067589633 -0.015401132 0.997358620
1403637135288318976.000000 0.034339007 -0.066687711 -0.028935304 -0.094805524 0.062349364 0.005108891 0.993528247
1403637135588318976.000000 0.029575177 -0.275769889 -0.070830241 -0.048257478 0.077443235 -0.013798068 0.995732605
1403637135838319104.000000 0.019263607 -0.448503345 -0.105503507 -0.003258605 0.084159285 -0.007564670 0.996418297
1403637136388318976.000000 0.032346539 -0.176551282 -0.026963443 -0.074059725 0.082947135 -0.001915563 0.993796408
1403637136488318976.000000 0.033561200 -0.115614146 -0.019064270 -0.095764786 0.077495098 0.005777210 0.992366016
1403637136888318976.000000 0.027995311 -0.233651966 -0.057001345 -0.090316966 0.074555449 0.003995588 0.993110478
1403637137938319104.000000 0.035955094 -0.085794315 -0.020255404 -0.102444343 0.080658771 0.002394354 0.991460383
1403637137988318976.000000 0.037110560 -0.078426853 -0.021476695 -0.111586288 0.079848669 0.001200960 0.990540922
1403637138038319104.000000 0.038156968 -0.083096474 -0.024344133 -0.119283460 0.079387836 0.001523952 0.989680111
1403637138338319104.000000 0.041546680 -0.306603581 -0.071851663 -0.068830274 0.084428631 -0.020965321 0.993828297
1403637139338319104.000000 0.045461275 -0.060617249 0.024236659 -0.057012171 0.066824436 0.010709624 0.996077001
1403637140438319104.000000 0.052366707 -0.009839586 0.038758010 -0.003339884 0.062735632 0.015677208 0.997901440
1403637149588318976.000000 0.051919237 -0.009177038 0.036320113 -0.008773775 0.052187104 0.013313009 0.998510063
1403637150088318976.000000 0.079013810 -0.016591037 0.024710210 -0.075172439 0.044489231 -0.012305204 0.996101618
1403637150338319104.000000 0.122555323 -0.078746296 0.040921114 -0.072901331 0.059600778 -0.021984156 0.995313942
1403637150988318976.000000 0.232147649 -0.290526152 0.174583361 -0.032559685 0.074343733 -0.020016756 0.996499956
1403637151488318976.000000 0.289146900 -0.413868219 0.255416006 -0.039138217 0.064058542 -0.008343607 0.997143507
1403637151888318976.000000 0.347214401 -0.528540313 0.289455235 -0.041822758 0.063933618 -0.018858306 0.996899068
1403637152988318976.000000 0.543580055 -0.683773458 0.465068847 -0.035150394 0.059475757 -0.014478534 0.997505665
1403637154688318976.000000 0.931101263 -0.810961723 0.810997069 -0.052686423 0.069112331 -0.018926589 0.996036828
1403637155588318976.000000 1.217458248 -0.970288932 1.186197400 -0.028771902 0.166216373 0.018364776 0.985498369
1403637156138319104.000000 1.424506068 -0.975472927 1.410706758 -0.023715232 0.259233981 0.071599051 0.962864995
1403637156488318976.000000 1.622821927 -0.946705103 1.508024454 -0.014396002 0.346984863 0.106686547 0.931671739
1403637156938319104.000000 1.940670371 -0.849677324 1.541770339 -0.025003862 0.441958457 0.117091864 0.889008999
1403637157838319104.000000 2.687572956 -0.713934541 1.480368733 -0.017041832 0.430346519 0.136371851 0.892140269
1403637158388318976.000000 3.266107559 -0.726574183 1.271034002 -0.011690372 0.447523385 0.113608748 0.886949360
1403637158838319104.000000 3.719862938 -0.692447841 1.029789448 -0.001304773 0.517976284 0.153986901 0.841419637
1403637159438319104.000000 4.326505661 -0.577498138 0.612143993 -0.007576521 0.535737216 0.165455520 0.827981114
1403637160088318976.000000 5.028546333 -0.425184071 0.082058907 -0.019762428 0.564045787 0.154323742 0.810953736
1403637160488318976.000000 5.470333099 -0.286112189 -0.240061760 -0.007984987 0.652380764 0.178689271 0.736482024
1403637160938319104.000000 5.939869404 -0.107620001 -0.573265553 -0.025323849 0.721472681 0.207467273 0.660146356
1403637161638319104.000000 6.688982010 -0.164563894 -1.173642159 0.007839150 0.732885957 0.229615927 0.640385330
1403637162138319104.000000 7.161400318 -0.162718296 -1.723181248 0.039945286 0.773975849 0.174204797 0.607468903
1403637162988318976.000000 7.393673420 0.086249828 -2.623192310 0.048541121 0.799153447 0.192539796 0.567385077
1403637163538319104.000000 7.183427811 0.368271828 -3.206214905 0.047715437 0.883490980 0.227048948 0.406959116
1403637164238319104.000000 6.536506653 0.542212248 -3.917459488 0.063422926 0.886941254 0.267070234 0.371465117
1403637164838319104.000000 5.727399826 0.687948227 -4.691404819 0.035361249 0.884755313 0.256166130 0.387732565
1403637165188318976.000000 5.202405453 0.868769646 -5.168061256 0.027265327 0.908300459 0.241987392 0.340130866
1403637165488318976.000000 4.752775192 1.003878832 -5.537508488 0.017960344 0.921512187 0.270001948 0.278552771
1403637165788318976.000000 4.317255974 1.075186253 -5.888691425 -0.016777517 0.929497182 0.272039980 0.248491004
1403637166188318976.000000 3.863028288 1.236255169 -6.275695324 -0.056874130 0.926416099 0.257836074 0.268400937
1403637167938319104.000000 3.843828678 1.353812695 -5.753469467 -0.014379613 0.894222081 0.272637337 0.354723871
1403637168688318976.000000 4.529186726 1.351719737 -4.924599171 -0.006057996 0.890696585 0.243307710 0.383958668
1403637169238319104.000000 5.071809292 1.343522310 -4.290379047 -0.032861780 0.888910234 0.236377805 0.391004175
1403637169738319104.000000 5.619381905 1.170178652 -3.631803513 -0.030460915 0.833656788 0.184360772 0.519711137
1403637170488318976.000000 6.320679188 0.933476329 -2.288844585 -0.007411621 0.704856455 0.126072735 0.698017299
1403637171088318976.000000 6.501973152 0.820869923 -1.069340944 0.023903055 0.536406875 0.095006734 0.838254154
1403637172038319104.000000 5.905923843 0.498541415 0.334287643 0.013839670 0.496408135 0.046067849 0.866755545
1403637172988318976.000000 4.540281296 0.245508730 1.204903841 -0.025824320 0.499185085 0.189851001 0.845046699
1403637173838319104.000000 4.028482437 0.398321986 1.367580175 0.004492240 0.631694198 0.276398420 0.724255562
1403637174888318976.000000 4.300598621 0.486776531 0.505236626 0.034188539 0.744746327 0.205512673 0.633994162
1403637175388318976.000000 4.292073250 0.598318577 -0.103499889 0.063025050 0.802861035 0.201070130 0.557685137
1403637176088318976.000000 3.891753197 0.835167944 -1.066996098 0.041617732 0.798942566 0.210822225 0.561705112
1403637176738319104.000000 3.204234600 1.042939901 -2.024804115 0.028524641 0.815900028 0.223408386 0.532524288
1403637177588318976.000000 2.291575670 1.588025928 -3.217345953 -0.049964234 0.813018084 0.286173373 0.504588902
1403637178638319104.000000 2.467457771 2.059571266 -4.578493595 -0.086251676 0.887283444 0.220829532 0.395629913
1403637180638319104.000000 4.658637524 2.217846394 -4.192560673 -0.025508471 0.873831451 0.264471710 0.407213241
1403637181638319104.000000 5.952318192 1.605517745 -3.305177689 -0.017295439 0.895163000 0.232519567 0.379893094
1403637182888318976.000000 7.199660301 0.527575493 -1.715858459 0.042097777 0.897163033 0.209204465 0.386729687
1403637183938319104.000000 6.891462326 0.233432531 -0.096405029 0.103002287 0.878826678 0.260094494 0.386529535
1403637184938319104.000000 5.263375759 0.309492469 0.716766357 0.005936064 0.872129083 0.302510321 0.384503782
1403637185538319104.000000 4.433557510 0.273525000 0.719175339 -0.022588775 0.867891967 0.317484260 0.381388277
1403637186488318976.000000 3.699218988 0.099870801 0.219418049 0.006439460 0.889853299 0.254522830 0.378599823
1403637187338319104.000000 3.121341944 0.011079192 -0.263349295 0.030054418 0.884815812 0.286552310 0.366176844
1403637188038319104.000000 2.655487299 0.265325308 -0.880819082 -0.002311481 0.887218297 0.303284466 0.347644895
1403637189038319104.000000 2.339415789 0.845965207 -1.941081524 0.035767715 0.917091966 0.280818820 0.280720383
1403637190038319104.000000 1.901690364 1.406282663 -3.050252199 0.016449744 0.924585402 0.265802890 0.272433668
1403637190688318976.000000 1.576957464 1.440907478 -3.736691713 0.007287598 0.928201199 0.254749835 0.271094024
1403637191588318976.000000 1.117477179 1.638644934 -4.345772743 0.007528300 0.916912794 0.243955150 0.315753341
1403637192238319104.000000 0.834191561 1.578114033 -4.627984047 -0.036680453 0.910433233 0.278364480 0.303774923
1403637193488318976.000000 1.215415478 1.286132693 -5.172780514 0.001653692 0.907052875 0.289583176 0.305604219
1403637194538319104.000000 1.949926615 1.247054696 -5.832152367 -0.012417911 0.912030160 0.274384350 0.304565370
1403637195588318976.000000 3.006165028 1.229551315 -6.365911961 0.000841926 0.914720535 0.254664004 0.313738704
1403637196238319104.000000 3.692492485 1.149064898 -6.513691902 -0.049274836 0.921798825 0.200375482 0.328189909
1403637196538319104.000000 4.044066906 1.117760181 -6.413017750 -0.051597115 0.927511215 0.178537354 0.324322492
1403637196838319104.000000 4.421881676 1.090731263 -6.131074429 -0.032833319 0.926604509 0.191118687 0.322179765
1403637197038319104.000000 4.677520275 1.066006899 -5.866101265 -0.015044927 0.925563574 0.195421189 0.323907793
1403637197238319104.000000 4.917186260 1.009309173 -5.561593533 -0.000704665 0.912116051 0.210272312 0.351893991
1403637197438319104.000000 5.137298584 0.922063589 -5.220691681 0.003492237 0.885185301 0.221767485 0.408966988
1403637197588318976.000000 5.294708729 0.832792044 -4.959157467 -0.011607897 0.857655644 0.218387529 0.465401888
1403637197788318976.000000 5.492949486 0.685043693 -4.608004570 -0.023990398 0.815461397 0.197736904 0.543458521
1403637198088318976.000000 5.755414963 0.421901762 -4.069439411 -0.035613783 0.756063163 0.156167656 0.634595811
1403637198388318976.000000 5.968554974 0.073127627 -3.478401423 -0.040314473 0.702787101 0.125730962 0.699039876
1403637198788318976.000000 6.188012123 -0.297649503 -2.603609324 -0.040721744 0.681808770 0.091221109 0.724677384
1403637199038319104.000000 6.254691124 -0.445485175 -1.949680805 0.000744170 0.677558661 0.095127046 0.729290545
1403637199238319104.000000 6.245346069 -0.562013090 -1.430125952 0.008403709 0.653127670 0.111045480 0.749014437
1403637199488318976.000000 6.170583725 -0.736617565 -0.760865450 0.007706983 0.610176384 0.092658795 0.786790788
1403637199738319104.000000 6.015672207 -0.904848874 -0.109202862 0.021377834 0.551013589 0.081947275 0.830187738
1403637199988318976.000000 5.798383236 -0.960120559 0.507405281 0.070671730 0.462198615 0.087909386 0.879573762
1403637200188318976.000000 5.572544575 -0.944979846 0.965328693 0.093534328 0.389090866 0.068083800 0.913906038
1403637200338319104.000000 5.374368668 -0.908594966 1.251061082 0.059716187 0.352507740 0.043794949 0.932874203
1403637200538319104.000000 5.105517387 -0.844922304 1.557421923 0.005049977 0.323332340 0.041181520 0.945375502
1403637200788318976.000000 4.758723259 -0.818098843 1.859732389 0.000820563 0.311072588 0.065334179 0.948137462
1403637201238319104.000000 4.153531551 -0.845988870 2.223835468 0.004010308 0.346447885 0.085591540 0.934147716
1403637209688318976.000000 2.665821314 -0.460904300 0.578068912 -0.083813801 0.352947772 0.080246881 0.928419948
1403637211138319104.000000 3.320993423 -0.601220965 2.014069080 -0.047447406 0.338473111 0.107549950 0.933604717
1403637211538319104.000000 3.775165081 -0.595546126 2.647317171 -0.027893877 0.354454905 0.083535463 0.930916488
1403637211938319104.000000 4.246480465 -0.619895875 3.217701435 -0.049426015 0.346565068 0.110927619 0.930131614
1403637212238319104.000000 4.636322975 -0.720663786 3.603502274 -0.021368377 0.357315212 0.082334653 0.930102289
1403637212538319104.000000 5.014162540 -0.862117887 3.944227219 -0.020546414 0.362300009 0.078413077 0.928530037
1403637212788318976.000000 5.306243896 -0.996694624 4.194107056 -0.040285621 0.363884509 0.082165197 0.926937997
1403637213038319104.000000 5.593619347 -1.143532991 4.446941376 -0.047046166 0.364728093 0.075223804 0.926877260
1403637213288318976.000000 5.879234791 -1.279932380 4.706520557 -0.045359436 0.358577102 0.081656992 0.928814888
1403637213488318976.000000 6.111021996 -1.364166498 4.921660900 -0.038784731 0.359043688 0.077786751 0.929264545
1403637213638319104.000000 6.287437439 -1.411099672 5.085970402 -0.038982291 0.363098085 0.062279001 0.928849578
1403637213988318976.000000 6.649937630 -1.489309430 5.492101669 -0.049395841 0.365843266 0.044654503 0.928291321
1403637214338319104.000000 6.930865288 -1.612727880 5.925385475 -0.020382045 0.324712217 0.040425856 0.944728732
1403637214638319104.000000 7.088290215 -1.756881475 6.266943455 -0.014712946 0.266795248 -0.020126419 0.963430762
1403637214988318976.000000 7.104690552 -1.975537539 6.625153542 -0.009299133 0.236277670 -0.051631249 0.970268309
1403637215338319104.000000 6.925700188 -2.120404482 6.958185196 0.008438229 0.225288302 -0.040154979 0.973427713
1403637215588318976.000000 6.683763981 -2.171994925 7.153561115 0.034529522 0.180709749 -0.031092407 0.982438326
1403637215788318976.000000 6.440566063 -2.212166548 7.236759663 0.016744118 0.127208784 -0.038793012 0.990975618
1403637216038319104.000000 6.097438812 -2.274974585 7.279825211 -0.009521588 0.064274170 -0.038501631 0.997143805
1403637216338319104.000000 5.681993008 -2.346060514 7.264208317 -0.010716811 0.015757974 -0.033281285 0.999264359
1403637216938319104.000000 4.950534821 -2.324084759 7.076752663 0.036702093 0.015012418 -0.026947917 0.998850048
1403637217788318976.000000 4.273622513 -2.045542240 6.162626743 0.027432786 -0.003842299 -0.032951854 0.999073029
1403637218388318976.000000 3.996586800 -1.740450501 5.115298271 0.004070221 -0.086325616 -0.074134707 0.993496537
1403637218988318976.000000 3.765308857 -1.324583530 3.867563963 -0.010494614 -0.075722054 -0.091217272 0.992892444
1403637219338319104.000000 3.569568396 -0.994184852 3.120992184 -0.013619973 -0.071885921 -0.091223642 0.993139029
1403637219738319104.000000 3.284301281 -0.705214024 2.232740164 -0.057322931 -0.070027851 -0.080299765 0.992654085
1403637220438319104.000000 2.649572372 -0.528410256 0.881542265 -0.059825934 -0.074684337 -0.054705702 0.993906677
1403637221288318976.000000 2.007650614 -0.393213093 -0.321081161 -0.070181362 -0.036747370 -0.042729449 0.995940983
1403637221888318976.000000 1.717318177 -0.151143715 -0.825576425 -0.074268781 0.011197270 -0.020507380 0.996964514
1403637222188318976.000000 1.626817346 -0.003535037 -0.967929900 -0.074777029 0.067965038 -0.002171687 0.994879127
1403637222438319104.000000 1.585148335 0.118746638 -1.032074332 -0.048677217 0.111811019 0.007624000 0.992507279
1403637222888318976.000000 1.525796533 0.249385580 -1.141490102 -0.052584309 0.131437659 0.011396166 0.989863217
1403637223988318976.000000 1.514867067 -0.000047573 -1.232618332 -0.036955804 0.118291326 -0.005827116 0.992273927
1403637225388318976.000000 1.467365623 0.161162123 -1.143038511 -0.027188236 0.119343966 -0.012741810 0.992398858
1403637226088318976.000000 1.328349113 0.126258478 -1.219817877 -0.031485684 0.115640529 -0.014464799 0.992686629
1403637226288318976.000000 1.271138191 0.092174768 -1.252371311 -0.026756980 0.115810536 -0.015366050 0.992791951
1403637226538319104.000000 1.191461682 0.082063906 -1.294264078 -0.052312043 0.116480798 -0.015006872 0.991700828
1403637227038319104.000000 1.011777520 0.112524383 -1.293674946 -0.052696228 0.111129627 0.005527828 0.992392480
1403637227988318976.000000 0.866132021 0.109670155 -1.169453382 -0.034979142 0.120117679 0.004677672 0.992132187
1403637229538319104.000000 0.681719840 0.178854674 -1.207484365 -0.047254097 0.148898318 0.021880940 0.987480402
1403637229838319104.000000 0.661596656 0.248857439 -1.221630216 -0.052160367 0.231377676 0.058519155 0.969700575
1403637229988318976.000000 0.677069724 0.288720161 -1.223399878 -0.038695235 0.284288645 0.049835488 0.956660390
1403637230138319104.000000 0.688074470 0.323007971 -1.225210428 -0.042191427 0.326054424 0.065303504 0.942148507
1403637230238319104.000000 0.695975900 0.337299764 -1.219460845 -0.047031499 0.347866654 0.075501136 0.933314741
1403637230288318976.000000 0.699401140 0.340607226 -1.219575405 -0.049094182 0.356517226 0.077419207 0.929780364
1403637230788318976.000000 0.723709881 0.272387862 -1.215673804 -0.013911133 0.411235273 0.088997670 0.907067478
1403637230888318976.000000 0.723006487 0.250903517 -1.216361761 -0.024591396 0.429349303 0.109763421 0.896106243
1403637230988318976.000000 0.725301385 0.233925983 -1.221604466 -0.033435859 0.452644408 0.128532678 0.881745100
1403637231288318976.000000 0.771239877 0.239024252 -1.234289527 -0.031603638 0.545216322 0.172249660 0.819799006
1403637232088318976.000000 1.128478885 0.679715872 -1.383728027 0.015350788 0.771923482 0.252549410 0.583195746
1403637232588318976.000000 1.354011893 0.816935897 -1.732036233 0.042432364 0.846835852 0.263595283 0.459984869
1403637233388318976.000000 1.499393344 0.925828338 -2.765262604 -0.005362639 0.863869965 0.349845499 0.362364680
1403637234838319104.000000 3.399563789 1.785275459 -4.128587723 -0.019140270 0.880044222 0.189641759 0.434961826
1403637235438319104.000000 4.437940598 1.889501333 -3.730321407 -0.016945224 0.815169871 0.202602401 0.542368174
1403637236038319104.000000 5.302633286 1.724595308 -3.211942673 -0.053569399 0.768491387 0.140116453 0.622027874
1403637236538319104.000000 5.919982910 1.311471462 -2.487635374 -0.050461017 0.700605035 0.117629901 0.701975524
1403637236888318976.000000 6.260767460 0.977191687 -1.810110569 -0.009010995 0.672925234 0.093605518 0.733708680
1403637237188318976.000000 6.415289879 0.602654457 -1.164555073 0.053687815 0.642646194 0.062995121 0.761679232
1403637237438319104.000000 6.366577148 0.299096256 -0.662384033 0.063545987 0.606641114 0.069645323 0.789365590
1403637237888318976.000000 5.918592930 -0.288739026 0.120577812 0.073453620 0.579261959 0.108271852 0.804572821
1403637238488318976.000000 4.958666801 -0.779855490 0.721858501 0.089021876 0.658515751 0.260040671 0.700579047
1403637239538319104.000000 3.678023338 -0.770662785 -0.377746105 0.005278481 0.774397731 0.324064732 0.543380499
1403637246788318976.000000 6.671417236 -0.069608390 -2.618036509 -0.015261675 0.598773003 0.089589432 0.795746088
1403637247388318976.000000 6.859220505 -0.079007387 -2.068824768 -0.025347205 0.495859742 0.088426404 0.863516867
1403637250788318976.000000 3.863605499 -0.427259922 1.236628056 -0.029600542 0.321431696 0.090193063 0.942162812
1403637251788318976.000000 3.232201099 -0.806521952 1.628868818 -0.022997571 0.247253120 0.056377172 0.967036009
1403637252188318976.000000 3.100738525 -0.891153634 1.699703693 -0.002740729 0.239554018 0.028500777 0.970460773
1403637255538319104.000000 2.196928024 -0.779654682 1.018036962 -0.024384767 0.152916044 0.003991137 0.987930238
1403637257088318976.000000 1.364482999 -0.597884595 0.408172071 -0.038006965 0.033658069 -0.026989786 0.998345733
1403637257788318976.000000 0.974635303 -0.547447622 0.151986256 -0.058262572 0.003386036 -0.045216024 0.997271061
1403637258938319104.000000 0.321902215 -0.345204592 0.060894780 -0.039156739 -0.106072143 -0.057689775 0.991910994
1403637260588318976.000000 0.075685523 -0.238449097 -0.010547135 -0.049620032 -0.091445506 -0.082599886 0.991137147
1403637261188318976.000000 0.026360573 -0.094707869 -0.016354105 -0.051273614 -0.096333079 -0.073449783 0.991310298
1403637261388318976.000000 -0.001298269 -0.060711615 -0.017131081 -0.054659110 -0.096118845 -0.073115416 0.991174877
1403637261638319104.000000 -0.040244974 -0.044341549 -0.013562853 -0.061810721 -0.097322352 -0.067009479 0.991068900
1403637261838319104.000000 -0.071732476 -0.054600596 -0.002127159 -0.054896131 -0.095681705 -0.070450045 0.991397142
1403637261988318976.000000 -0.096470758 -0.061414886 0.014454769 -0.040363695 -0.095286801 -0.067951769 0.992307305
1403637262188318976.000000 -0.125622287 -0.040118296 0.040842079 -0.034394860 -0.096209921 -0.058293507 0.993057132
1403637262288318976.000000 -0.136288926 -0.017718852 0.052338406 -0.034387037 -0.095812775 -0.055576146 0.993251622
1403637262338319104.000000 -0.148345977 0.016707879 0.056029186 -0.005658978 -0.106190369 -0.020322422 0.994122028
1403637262388318976.000000 -0.130445734 -0.017297227 0.051680278 -0.009675809 -0.097143352 -0.052771252 0.993823290
1403637262538319104.000000 -0.124633133 -0.016297141 0.044795152 -0.009575354 -0.072699763 -0.021173816 0.997083127
