1403637147238319104.000000 0.407786429 -1.650775194 1.199048162 -0.582481861 -0.543027997 -0.405528933 0.448755890
1403637150138319104.000000 0.444699287 -1.650886416 1.219356060 -0.585794866 -0.602518141 -0.370051116 0.396078825
1403637151238319104.000000 0.606373847 -1.353893161 1.464985251 -0.572304428 -0.569883347 -0.418094784 0.415809363
1403637153588318976.000000 0.985131383 -0.864441574 1.751941800 -0.577549279 -0.583893359 -0.400422662 0.406407475
1403637156538319104.000000 1.816900611 0.179480255 1.634146571 -0.741857469 -0.338147759 -0.502712250 0.287374407
1403637159138319104.000000 4.183055401 -0.322857082 1.382031798 -0.800352573 -0.186328337 -0.547518432 0.157927558
1403637160738319104.000000 5.966037273 -1.460762024 1.134288549 -0.823564172 -0.014077157 -0.566809833 0.016449850
1403637163338319104.000000 7.760933399 -3.893845081 1.261649728 0.759028196 -0.204580680 0.602702618 0.137012318
1403637164938319104.000000 6.235328674 -5.915516853 1.347078323 0.758522391 -0.283561826 0.559612870 0.176266953
1403637167388318976.000000 4.294565678 -7.779401302 1.134540081 0.761428595 -0.239158019 0.511209428 0.318896234
1403637169988318976.000000 6.368003845 -4.452123165 0.628884971 0.799959958 -0.047506656 0.589625776 0.100740373
1403637171138319104.000000 6.781448841 -2.126237154 0.273752540 -0.753928304 -0.218719512 -0.594957232 0.172568649
1403637173888318976.000000 4.065058708 -0.085646980 0.202017277 -0.852619767 -0.005320019 -0.509345233 0.116527721
1403637174038319104.000000 4.088090420 -0.163867086 0.164938956 -0.855611682 -0.007593026 -0.511679232 0.077815391
1403637174238319104.000000 4.174403667 -0.295588464 0.177725077 -0.820759296 -0.016149877 -0.569131672 0.046718065
1403637174688318976.000000 4.361962795 -0.665306330 0.293830454 0.801757038 -0.025282528 0.594615102 -0.054583166
1403637177488318976.000000 2.838871241 -4.730793953 0.350021720 0.841140091 -0.172734678 0.504357457 0.090937600
1403637180088318976.000000 4.624829769 -6.209136486 0.000685109 0.776415348 -0.220662042 0.548652530 0.217871040
1403637181688318976.000000 6.468668938 -4.561554909 0.139273301 0.769701540 -0.257444292 0.545271993 0.209667474
1403637183788318976.000000 7.179821491 -1.304011941 0.608165979 0.727481365 -0.304557443 0.600164533 0.133485153
1403637183988318976.000000 6.937246799 -1.057287812 0.564070880 0.733187079 -0.318024427 0.590079606 0.114469416
1403637184938319104.000000 5.306039810 -0.520312667 0.409335911 0.791332364 -0.292436212 0.513964474 0.155289426
1403637185138319104.000000 4.997566700 -0.507445574 0.402232826 0.795036256 -0.294012278 0.507914722 0.153286859
1403637185338319104.000000 4.726966858 -0.537195921 0.429611325 0.800926745 -0.292657226 0.498541385 0.155963555
1403637186688318976.000000 3.709391356 -1.195244074 0.925185025 0.765814781 -0.283947170 0.548070371 0.180335119
1403637187038319104.000000 3.506774426 -1.374853373 1.028909922 0.762477458 -0.312439442 0.548290074 0.142785907
1403637187538319104.000000 3.158959627 -1.764878035 1.043435335 0.778995216 -0.311565995 0.513897121 0.178893492
1403637187938319104.000000 2.935227633 -2.173653364 1.005248547 0.782559216 -0.319847256 0.502818108 0.180201858
1403637189838319104.000000 2.432335615 -4.476038933 0.453443497 0.732285976 -0.366035789 0.520479858 0.242643356
1403637191838319104.000000 1.601264715 -6.242147446 0.614543498 0.754365385 -0.322968423 0.519354165 0.238528118
1403637192038319104.000000 1.526117086 -6.330561638 0.663819730 0.760467947 -0.316105813 0.507438362 0.253519297
1403637192338319104.000000 1.475542068 -6.429453850 0.785835803 0.770106971 -0.316839963 0.490112215 0.257561356
1403637192838319104.000000 1.582523227 -6.553206921 0.938425004 0.767110825 -0.339452684 0.494245440 0.228110343
1403637193738319104.000000 2.071653128 -6.950480938 1.185161591 0.761657357 -0.330046803 0.504872262 0.236751527
1403637194138319104.000000 2.376203060 -7.175649643 1.279297471 0.753572285 -0.325861573 0.516722798 0.242777094
1403637194488318976.000000 2.676858902 -7.339046478 1.284828067 0.756848454 -0.330727607 0.511219323 0.237601787
1403637197338319104.000000 5.752842426 -6.558051109 1.306943059 0.755490661 -0.260712355 0.562747657 0.211135417
1403637199888318976.000000 6.097661972 -0.554754913 1.708588004 -0.736340940 -0.225965708 -0.603729010 0.205555081
1403637200038319104.000000 5.922949791 -0.209446162 1.630160093 -0.710540473 -0.250667989 -0.600230634 0.268367231
1403637200188318976.000000 5.729194641 0.085544020 1.541740417 -0.683480084 -0.292441547 -0.592988610 0.309350014
1403637203038319104.000000 3.564467907 0.462709874 1.305394411 -0.747647107 -0.333778679 -0.526656508 0.228579506
1403637205738319104.000000 3.696896553 -0.317012340 1.214393854 -0.741359174 -0.342458934 -0.527794778 0.233540446
1403637208238319104.000000 3.156328678 -0.533353925 1.336362004 -0.748664379 -0.331147850 -0.525065780 0.232698858
1403637209438319104.000000 2.947821856 -0.721180916 1.332828283 -0.739951372 -0.365343750 -0.509694993 0.243324682
1403637212238319104.000000 4.499499798 2.475322247 0.736712337 -0.731175482 -0.360255629 -0.511117637 0.272684932
1403637212638319104.000000 4.944077015 3.000137568 0.785669684 -0.736030996 -0.360659480 -0.508709788 0.263434142
1403637212788318976.000000 5.103258610 3.184095144 0.817893684 -0.740126073 -0.364289880 -0.503496289 0.256900519
1403637212938319104.000000 5.262989521 3.369338751 0.855292320 -0.740164638 -0.368737936 -0.503213167 0.250928819
1403637213138319104.000000 5.472506046 3.620178938 0.907601297 -0.740030348 -0.370900840 -0.500606239 0.253340125
1403637213288318976.000000 5.628146648 3.811223269 0.932567060 -0.740287364 -0.370369017 -0.498382539 0.257713526
1403637213588318976.000000 5.934599400 4.191088200 0.950306237 -0.731316209 -0.373149276 -0.510794699 0.255000263
1403637213738319104.000000 6.080699921 4.377758980 0.941692114 -0.726680160 -0.382437527 -0.516711533 0.242253393
1403637213938319104.000000 6.255532265 4.630314350 0.910250843 -0.726317286 -0.388870478 -0.515594125 0.235384211
1403637214138319104.000000 6.404772758 4.899507999 0.888099074 -0.717460990 -0.388646901 -0.519315839 0.253997147
1403637214538319104.000000 6.619352341 5.434406757 0.926562786 -0.664729953 -0.446555853 -0.520749927 0.295874089
1403637214738319104.000000 6.665487766 5.676399231 0.980305076 -0.630055070 -0.484606475 -0.526974320 0.300807685
1403637214888318976.000000 6.659965515 5.847436428 1.030236483 -0.618364155 -0.496304333 -0.526583254 0.306623489
1403637216288318976.000000 5.243966579 6.533131123 1.323049188 -0.538667738 -0.592169881 -0.400958210 0.445426047
1403637216688318976.000000 4.743680954 6.414730549 1.380779743 -0.526531339 -0.579113960 -0.405090630 0.472539365
1403637216888318976.000000 4.524338245 6.297482967 1.392751455 -0.521395624 -0.568238914 -0.418013602 0.480120659
1403637217238319104.000000 4.196101189 5.962143898 1.444217205 -0.547754705 -0.560416162 -0.394477993 0.479880840
1403637217688318976.000000 3.937332869 5.379932880 1.414113283 -0.538092792 -0.565181017 -0.397747010 0.482518226
1403637217888318976.000000 3.874898911 5.070097446 1.397316694 -0.490480453 -0.602802396 -0.403876722 0.482640386
1403637218188318976.000000 3.792804480 4.526115417 1.404886723 -0.462992460 -0.638472617 -0.371079355 0.490194649
1403637218488318976.000000 3.723360538 3.923692226 1.383858800 -0.454542845 -0.646472991 -0.364215285 0.492758334
1403637218688318976.000000 3.680453300 3.496393919 1.372763276 -0.456974149 -0.649265349 -0.363794625 0.487116694
1403637218938319104.000000 3.627927542 2.938286543 1.346016645 -0.459620237 -0.655233860 -0.368137300 0.473173112
1403637220588318976.000000 2.744772434 -0.630309403 1.418091893 -0.501480162 -0.651890218 -0.325892866 0.466208726
1403637223388318976.000000 1.948602200 -2.709126949 1.243761778 -0.621623218 -0.546368659 -0.416605681 0.376172185
1403637224888318976.000000 1.936289191 -2.610944271 1.336052656 -0.608597815 -0.540330470 -0.429091245 0.391832143
1403637225788318976.000000 1.839902163 -2.669641256 1.229757547 -0.603116632 -0.551171243 -0.431258172 0.382723093
1403637228238319104.000000 1.300703883 -2.660693169 1.295052052 -0.602984667 -0.536695898 -0.437973082 0.395659745
1403637228738319104.000000 1.263156533 -2.660327196 1.319414854 -0.598995805 -0.543977380 -0.440000683 0.389476687
1403637229238319104.000000 1.185706139 -2.717115164 1.331609368 -0.599442422 -0.544653177 -0.441669881 0.385939628
1403637229538319104.000000 1.125899196 -2.769818783 1.285674810 -0.639612973 -0.519594550 -0.426492959 0.372854441
1403637230388318976.000000 1.129271865 -2.846551180 1.128835917 -0.741789460 -0.365415812 -0.503996074 0.249414548
1403637230788318976.000000 1.139762044 -2.826297283 1.190974474 -0.744989634 -0.317557842 -0.534963369 0.240752235
1403637231088318976.000000 1.146163344 -2.836792707 1.239487171 -0.794628501 -0.246567890 -0.520549417 0.191828519
1403637231388318976.000000 1.196025968 -2.861125231 1.185673356 -0.820419550 -0.137262061 -0.539770305 0.129301965
1403637231888318976.000000 1.364325762 -2.976975679 0.880815446 0.833821952 -0.056443855 0.549057424 -0.009535944
1403637232388318976.000000 1.625638008 -3.245173454 0.745206058 0.792732656 -0.181859821 0.576489270 0.078499489
1403637232588318976.000000 1.710255146 -3.394969940 0.736844957 0.783790886 -0.234415412 0.566090465 0.101306260
1403637233288318976.000000 1.910866499 -4.209417343 0.854403377 0.800208628 -0.324853599 0.480490923 0.152528137
1403637236088318976.000000 5.850801945 -4.561474800 0.033962436 -0.803897262 -0.011547170 -0.588522851 -0.085187115
1403637236338319104.000000 6.143490314 -4.160743237 0.116808891 -0.803335667 -0.061950348 -0.589413166 -0.058363058
1403637239238319104.000000 4.034989357 -0.856891274 1.715043545 0.866251171 -0.139227688 0.478672057 -0.033132449
1403637239438319104.000000 3.939449549 -1.259356618 1.780356884 0.850926161 -0.154546484 0.502026796 0.003055155
1403637239638319104.000000 3.889661312 -1.711297631 1.787490487 0.835231721 -0.194082826 0.512936652 0.040197201
1403637239838319104.000000 3.869886160 -2.202199936 1.730676055 0.805248380 -0.228607073 0.538441241 0.096927620
1403637240288318976.000000 3.827484369 -3.321304560 1.473311543 0.750726819 -0.323442280 0.539065838 0.202983454
1403637240738319104.000000 3.797623396 -4.392440319 1.234859586 0.761059999 -0.357533425 0.486461490 0.237303302
1403637240988318976.000000 3.842022419 -4.979884148 1.177393794 0.745160758 -0.336456150 0.513817310 0.259855032
1403637241438319104.000000 3.990703821 -5.932042122 1.028093696 0.755078018 -0.315539360 0.510050535 0.264840752
1403637241838319104.000000 4.218454838 -6.599147320 0.919682324 0.741747797 -0.289348632 0.533342779 0.285715193
1403637242288318976.000000 4.516667366 -7.035683155 0.909591258 0.730686605 -0.294462472 0.547619462 0.281960905
1403637242538319104.000000 4.670636177 -7.135267735 0.912487268 0.730077386 -0.278707445 0.543371439 0.306686610
1403637242988318976.000000 4.965022087 -6.996929646 0.943176866 0.734820604 -0.248637155 0.579109251 0.250700623
1403637243388318976.000000 5.172051430 -6.614577770 0.968768895 0.756390810 -0.244464308 0.561118186 0.230774045
1403637243788318976.000000 5.342371464 -6.074336529 0.977026105 0.766264737 -0.271893024 0.547427595 0.198079869
1403637243988318976.000000 5.419390678 -5.792745113 1.031596065 0.768490255 -0.291938841 0.541482568 0.176042750
1403637244288318976.000000 5.514453411 -5.413363457 1.180150986 0.766185939 -0.296311110 0.540654004 0.181251273
1403637244538319104.000000 5.579475403 -5.135059357 1.338571787 0.776546061 -0.286515951 0.531677723 0.179453880
1403637244788318976.000000 5.654356480 -4.886945724 1.486781359 0.794845223 -0.246964484 0.525081217 0.177536845
1403637245088318976.000000 5.781541348 -4.609828472 1.611898899 0.806217492 -0.239655718 0.520524025 0.147082031
1403637245438319104.000000 5.993247986 -4.358698368 1.701200485 0.808823168 -0.229381412 0.519520104 0.152604595
1403637245888318976.000000 6.383041382 -4.103047848 1.734405279 0.810576200 -0.162790373 0.549307585 0.121353187
1403637246138319104.000000 6.629834175 -3.954915285 1.707263470 0.810843945 -0.082447819 0.575073957 0.070883855
1403637246388318976.000000 6.864421368 -3.789000750 1.649657369 -0.810850680 -0.020890649 -0.584864080 -0.004320788
1403637246838319104.000000 7.191210747 -3.437259912 1.501815557 -0.768473983 -0.195672467 -0.601222754 0.098444439
1403637247088318976.000000 7.269518375 -3.208540201 1.447283864 -0.769069493 -0.255198419 -0.568916202 0.140499890
1403637247488318976.000000 7.302271366 -2.819452763 1.352201462 -0.752180696 -0.259106755 -0.580341816 0.174043596
1403637248538319104.000000 6.693611622 -1.824815869 1.103478193 -0.726837277 -0.348298103 -0.542256951 0.237388775
1403637248788318976.000000 6.441459179 -1.607450843 1.068826079 -0.731272697 -0.350101113 -0.538483262 0.229576305
1403637249088318976.000000 6.105880260 -1.354255795 1.091360092 -0.741134584 -0.342131436 -0.532941580 0.222798124
1403637249488318976.000000 5.635969162 -0.996115565 1.180060863 -0.742067873 -0.334300131 -0.537279904 0.221154138
1403637249888318976.000000 5.142934322 -0.633337140 1.118297696 -0.729461968 -0.335879177 -0.548235834 0.233469427
1403637252788318976.000000 3.001403332 0.495536596 1.418812633 -0.687757313 -0.451039732 -0.454511315 0.342012435
1403637254288318976.000000 2.794717789 0.179406911 1.475151181 -0.662107766 -0.468763173 -0.481253892 0.332067877
1403637255938319104.000000 2.232305288 -0.438191354 1.571278095 -0.580586851 -0.574553728 -0.417299956 0.398331285
1403637256938319104.000000 1.733868361 -0.895692766 1.611059427 -0.571986794 -0.587378621 -0.387406379 0.421584964
1403637257288318976.000000 1.562506080 -1.054655433 1.606731176 -0.546507657 -0.605710268 -0.388953328 0.427971691
1403637257538319104.000000 1.440353632 -1.164943695 1.638173938 -0.537147105 -0.617546320 -0.386137128 0.425449967
1403637257788318976.000000 1.309917212 -1.267665029 1.637125492 -0.541058719 -0.625427604 -0.370676219 0.422723293
1403637258088318976.000000 1.143285871 -1.364127159 1.600590110 -0.525154352 -0.644896924 -0.345520854 0.434668005
1403637258538319104.000000 0.884550631 -1.439782023 1.575590134 -0.476621687 -0.667596042 -0.322319537 0.472501338
1403637258938319104.000000 0.680241644 -1.483839512 1.502629161 -0.471141011 -0.663166821 -0.320883781 0.485045880
1403637259288318976.000000 0.540528595 -1.513177872 1.517356396 -0.475344539 -0.659004569 -0.321091652 0.486477852
1403637259788318976.000000 0.430168748 -1.551622152 1.552281380 -0.482281446 -0.656805396 -0.317704707 0.484845459
1403637260288318976.000000 0.429210514 -1.581542850 1.499611020 -0.472256005 -0.663121283 -0.331091374 0.477098465
1403637260738319104.000000 0.434130251 -1.620910406 1.401446939 -0.472654641 -0.676148772 -0.328143775 0.460154384
1403637261088318976.000000 0.399975300 -1.644154191 1.323341966 -0.467013806 -0.667864382 -0.333168358 0.474187851
1403637261338319104.000000 0.367857188 -1.662919283 1.274143100 -0.473672777 -0.677503467 -0.323918521 0.460108787
1403637261788318976.000000 0.296874464 -1.664041638 1.257806778 -0.477045923 -0.676302612 -0.320619196 0.460700959
1403637262238319104.000000 0.222223431 -1.626538754 1.236468792 -0.474829644 -0.657189131 -0.329739153 0.483643979
1403637262638319104.000000 0.236273110 -1.640393138 1.218821168 -0.494991183 -0.613418877 -0.351329416 0.505241156
1403637262788318976.000000 0.236059368 -1.638589025 1.212814331 -0.500740111 -0.620426655 -0.343714476 0.496175975
1403637263288318976.000000 0.235307440 -1.637599468 1.211893320 -0.500567913 -0.621580243 -0.343203813 0.495258391
1403637263788318976.000000 0.234948069 -1.637802005 1.212423682 -0.500902772 -0.621289611 -0.342715859 0.495622456
1403637264288318976.000000 0.235373169 -1.638292074 1.212545276 -0.500949204 -0.621333539 -0.342703223 0.495529026
1403637264788318976.000000 0.235162839 -1.637886286 1.212329865 -0.501125097 -0.621296406 -0.342468619 0.495560020
1403637265288318976.000000 0.235365450 -1.638091326 1.212606668 -0.501257062 -0.621383011 -0.342371643 0.495384902
