1403715528662142976.000000 0.000000000 0.000000000 0.000000000 -0.000000000 -0.000000000 -0.000000000 1.000000000
1403715528712143104.000000 -0.010503836 -0.031262338 -0.000964512 0.001841085 0.001166867 -0.000357211 0.999997556
1403715528812143104.000000 -0.032726012 -0.102258779 -0.003915882 0.005390456 0.002808028 0.000641003 0.999981344
1403715528862142976.000000 -0.044022273 -0.141930640 -0.006567922 0.007962395 0.003197581 0.000346213 0.999963105
1403715528912143104.000000 -0.057296652 -0.183187783 -0.010445411 0.009309934 0.003874322 0.000777500 0.999948859
1403715528962142976.000000 -0.070494361 -0.222630590 -0.014313101 0.010036722 0.004387241 0.000291676 0.999939978
1403715529012143104.000000 -0.087099232 -0.261865497 -0.018988892 0.008885654 0.004019476 -0.001509551 0.999951303
1403715529062142976.000000 -0.107023485 -0.302112311 -0.024717914 0.007211754 0.001543011 -0.001340556 0.999971926
1403715529112143360.000000 -0.128666237 -0.350599945 -0.033944316 0.007477120 -0.003691564 -0.001232423 0.999964476
1403715529162142976.000000 -0.151953831 -0.403704762 -0.045646481 0.007615353 -0.010178445 -0.002706449 0.999915540
1403715529212143104.000000 -0.176448151 -0.463484436 -0.059879471 0.006045533 -0.017778784 -0.004777151 0.999812245
1403715529262143232.000000 -0.202135265 -0.527049303 -0.079142332 0.003974132 -0.026294591 -0.007525681 0.999618053
1403715529312143104.000000 -0.229207978 -0.591430604 -0.096184976 0.001162156 -0.035160061 -0.011111391 0.999319255
1403715529512143104.000000 -0.348404527 -0.804134250 -0.121668331 0.000522295 -0.069780007 -0.028934008 0.997142613
1403715529762143232.000000 -0.527746856 -0.994767129 -0.039506540 0.007294613 -0.092565119 -0.041838586 0.994800508
1403715529862142976.000000 -0.619557381 -1.088522553 -0.005360294 0.008990111 -0.097947359 -0.043484822 0.994200468
1403715529962142976.000000 -0.720431328 -1.201915503 0.028537124 0.013038525 -0.102238499 -0.041825596 0.993794739
1403715530062142976.000000 -0.825577140 -1.329857826 0.051524468 0.022278283 -0.102801666 -0.045552097 0.993408501
1403715530362142976.000000 -1.203505635 -1.831226230 0.017544638 0.018541859 -0.096483782 -0.060673449 0.993310571
1403715530462142976.000000 -1.373147964 -2.062567711 -0.047442865 0.015125060 -0.100837484 -0.053588402 0.993343532
1403715531362142976.000000 -3.268362761 -3.517805338 -0.378842443 -0.017953685 -0.191875666 -0.040993404 0.980398417
1403715531512143104.000000 -3.574848652 -3.737600565 -0.273534626 0.000691896 -0.196741968 -0.036904622 0.979760289
1403715531662142976.000000 -3.837831974 -3.881240845 -0.119225405 0.000536246 -0.199665129 -0.033595484 0.979287982
1403715532012143104.000000 -4.308979988 -4.054425716 0.329910278 0.032442469 -0.186116353 -0.055908393 0.980399132
1403715532312143104.000000 -4.631819725 -4.126897335 0.588172555 0.039534848 -0.187028050 -0.058030501 0.979841828
1403715532612143360.000000 -4.837563515 -4.138051987 0.695172727 0.024878742 -0.208970323 -0.032335036 0.977070570
1403715532762143232.000000 -4.855288506 -4.142298222 0.739971757 0.026774488 -0.220038816 -0.011538574 0.975055337
1403715533062142976.000000 -4.617098808 -3.994795799 0.872667432 0.022872554 -0.196477190 0.012409057 0.980163038
1403715533212143104.000000 -4.326488495 -3.829439878 0.977114201 0.033301640 -0.156806678 0.021174315 0.986840606
1403715533362142976.000000 -3.897002459 -3.767901659 1.058561802 0.042939499 -0.117580399 0.021662438 0.991898060
1403715533562142976.000000 -3.218440533 -3.766947985 1.002172112 0.026633790 -0.089966938 0.032909099 0.995044529
1403715534062142976.000000 -0.790314615 -4.248753548 0.537935436 0.004529258 -0.065464213 0.028471122 0.997438371
1403715534212143104.000000 0.075702175 -4.301379681 0.475174874 0.005543210 -0.057745874 0.004156070 0.998307288
1403715534362142976.000000 0.959387422 -4.215778351 0.450222015 0.007897205 -0.054807726 -0.010648897 0.998408914
1403715534612143360.000000 2.361057758 -3.984092474 0.527467847 0.005259844 -0.031605598 -0.007373709 0.999459386
1403715535062142976.000000 4.662392139 -3.512726307 0.863378704 -0.030516690 0.081610411 0.027765125 0.995810032
1403715535312143104.000000 5.820842266 -3.329025030 1.235793829 -0.057069693 0.115963250 0.047131371 0.990491927
1403715535612143360.000000 7.154189587 -3.328051090 1.981887460 -0.025034865 0.119249262 0.081510432 0.989196122
1403715536212143104.000000 9.862714767 -3.429548025 3.812763214 -0.037837878 0.048831783 0.005175702 0.998076677
1403715536512143104.000000 10.945745468 -3.680347681 4.966825962 -0.025033657 0.036445726 -0.039866146 0.998226285
1403715536612143360.000000 11.226609230 -3.799325705 5.391818523 -0.012851228 0.035644241 -0.050443325 0.998007894
1403715536762143232.000000 11.509873390 -4.039219856 6.028686047 0.014694276 0.034531545 -0.055620659 0.997746468
1403715536912143104.000000 11.683231354 -4.276867867 6.636335850 0.047490001 0.029999247 -0.065859862 0.996246576
1403715537062142976.000000 11.735548973 -4.506240368 7.165401936 0.080624349 0.033223849 -0.085504495 0.992514431
1403715537162142976.000000 11.647027969 -4.660687923 7.434065342 0.109772079 0.036268830 -0.092117503 0.989014208
1403715537262143232.000000 11.490884781 -4.798501492 7.615377426 0.136698619 0.035582334 -0.089325652 0.985935271
1403715537362142976.000000 11.237902641 -4.915909767 7.687467098 0.143031374 0.025083404 -0.060935926 0.987522006
1403715537462142976.000000 10.952783585 -4.998070240 7.659107685 0.115955681 0.012680523 -0.027290290 0.992798448
1403715537612143360.000000 10.478613853 -5.059399605 7.477817059 0.052417241 0.001589832 0.009365598 0.998580098
1403715537712143104.000000 10.172241211 -5.083715916 7.309400558 0.036407165 -0.000097574 0.022397071 0.999086022
1403715537912143104.000000 9.584895134 -5.173891544 6.916695118 0.061438400 0.004008514 0.030272653 0.997643650
1403715538062142976.000000 9.222111702 -5.181540966 6.534569740 0.048447583 0.003373952 0.033489060 0.998258471
1403715540062142976.000000 6.293379784 -1.459484935 -0.253371596 -0.023820126 0.421173006 0.210911691 0.881794870
1403715540212143104.000000 6.265297413 -1.463126183 -0.815544367 -0.037976772 0.406120867 0.231705457 0.883139968
1403715540412143104.000000 6.425624371 -1.467930436 -1.536863685 -0.040198550 0.407405913 0.212951154 0.887161970
1403715540612143360.000000 6.760998249 -1.429459095 -2.172509432 -0.067642801 0.411377221 0.197126180 0.887318730
1403715540762143232.000000 7.118941784 -1.424042940 -2.550260544 -0.071113221 0.409203559 0.217407286 0.883305967
1403715541062142976.000000 8.186950684 -1.400425196 -3.115043640 -0.039084017 0.421226293 0.209450230 0.881573260
1403715541512143104.000000 10.341374397 -1.349300146 -3.752068281 -0.019343495 0.431148231 0.201673120 0.879241168
1403715541862142976.000000 12.283167839 -1.228709221 -4.098196030 -0.055110056 0.447774887 0.151053622 0.879570007
1403715542012143104.000000 13.111515045 -1.229663253 -4.096629620 -0.056918021 0.451733232 0.115334071 0.882833779
1403715542212143104.000000 14.096405029 -1.345202088 -3.917233467 -0.030457765 0.431897104 0.080087923 0.897843659
1403715542462142976.000000 15.008291245 -1.643550515 -3.495630264 0.032459024 0.367554069 0.082608931 0.925757110
1403715542562142976.000000 15.259969711 -1.763194680 -3.315009117 0.052956555 0.341710508 0.087861434 0.934189439
1403715542712143104.000000 15.556135178 -1.905604839 -3.081570148 0.046421405 0.314438403 0.094111003 0.943459988
1403715543012143104.000000 15.964308739 -2.015467167 -2.709822655 0.029036859 0.287008137 0.108845651 0.951281130
1403715543462142976.000000 16.348018646 -1.844385386 -2.383122683 0.045308117 0.290177941 0.117215186 0.948685706
1403715543812143104.000000 16.482835770 -1.561451197 -2.497139454 0.059073698 0.322878003 0.075257182 0.941592515
1403715544012143104.000000 16.345060349 -1.295057535 -2.669432878 0.041659396 0.373262852 0.063106321 0.924638808
1403715544312143104.000000 15.759630203 -0.714302182 -2.905776024 0.017302379 0.467812181 0.139472559 0.872582257
1403715544462142976.000000 15.376411438 -0.290939093 -2.959195614 0.014762767 0.520277977 0.185031459 0.833580375
1403715544612143360.000000 14.930314064 0.128582954 -3.004803181 0.014531170 0.564672947 0.211084187 0.797732294
1403715544762143232.000000 14.465915680 0.392199993 -3.122906685 0.018945795 0.590726078 0.212399393 0.778183937
1403715544912143104.000000 13.922112465 0.464173794 -3.294478416 0.024074409 0.601792693 0.206436038 0.771135628
1403715545212143104.000000 12.732218742 0.379135132 -3.714862823 0.002298781 0.613341570 0.222099051 0.757943869
1403715545362142976.000000 12.114534378 0.435890436 -3.875465393 -0.002342141 0.628685951 0.234688386 0.741397262
1403715545562142976.000000 11.295203209 0.518723965 -4.078551769 0.019705096 0.635028481 0.266703606 0.724720538
1403715545762143232.000000 10.481992722 0.561834574 -4.373137474 0.031077921 0.633222222 0.280955702 0.720505178
1403715545912143104.000000 9.879793167 0.634809494 -4.656041145 0.021943497 0.625630260 0.267741591 0.732406795
1403715546112143360.000000 9.079627991 0.737647414 -5.075830936 0.005297803 0.593985260 0.231755435 0.770352423
1403715546312143104.000000 8.269918442 0.803867877 -5.506762028 0.002424504 0.528291583 0.203763843 0.824246585
1403715546512143104.000000 7.473528862 0.845273972 -5.959394455 0.001226574 0.446659505 0.177300915 0.876959622
1403715546812143104.000000 6.284730911 0.908884943 -6.610582829 -0.032686990 0.312120676 0.132110551 0.940244138
1403715547162142976.000000 5.116042614 0.900994301 -7.157521248 -0.054057542 0.164263025 0.061017703 0.983042359
1403715547562142976.000000 3.927559614 0.746763349 -7.136672974 -0.066353388 0.017205393 -0.010254684 0.997595131
1403715547912143104.000000 2.828001976 0.455200911 -6.488244057 -0.062683880 -0.109734312 -0.068315171 0.989627302
1403715548412143104.000000 0.704555988 -0.327285975 -4.816306591 0.015369322 -0.173907131 -0.087944493 0.980706811
1403715548762143232.000000 -0.834444404 -0.611383736 -3.556518793 0.009239909 -0.168399796 -0.068159088 0.983316064
1403715549212143104.000000 -2.902719498 -0.910839617 -2.074436188 0.034129672 -0.184711620 -0.062619887 0.980201781
1403715549512143104.000000 -4.211324692 -1.112448812 -1.293803453 0.042942435 -0.215852976 -0.040221255 0.974651575
1403715549712143104.000000 -4.914410114 -1.202701211 -0.857818961 0.011245381 -0.220754921 -0.018884033 0.975081682
1403715549962142976.000000 -5.528678894 -1.381437659 -0.271835923 0.007474454 -0.179836541 0.026983714 0.983297944
1403715550262143232.000000 -5.704026222 -1.689119697 0.505553484 -0.007096916 -0.071877033 0.061164916 0.995511055
1403715550512143104.000000 -5.382636547 -2.194062233 1.129246116 -0.001818329 0.029661752 0.066179171 0.997365177
1403715550762143232.000000 -4.867073059 -2.664339542 1.762408257 0.002020966 0.120429821 0.108669758 0.986754000
1403715551112143360.000000 -3.829420328 -2.882596254 2.704878569 0.010758620 0.239682466 0.176252037 0.954657972
1403715551512143104.000000 -1.883012295 -3.331881762 3.245639801 0.029461309 0.377211064 0.235754147 0.895133436
1403715551912143104.000000 0.492048740 -3.562780142 3.065606833 0.066567697 0.531064093 0.224877343 0.814229548
1403715552362142976.000000 2.647083759 -3.460352898 2.197513580 0.059055321 0.678582191 0.212614030 0.700595438
1403715552612143360.000000 3.335963964 -3.338446379 1.569016218 0.063894540 0.751245975 0.227653965 0.616214752
1403715552812143104.000000 3.576932430 -3.221164942 1.133987904 0.075493976 0.802760541 0.258255154 0.532146990
1403715553062142976.000000 3.440771103 -3.011315107 0.539994240 0.088634901 0.847344339 0.314508170 0.418612152
1403715553262143232.000000 3.031729460 -2.785504103 0.016889572 0.092146747 0.881520569 0.325865358 0.329001844
1403715554112143360.000000 -1.267215610 -1.853546262 -1.148686767 -0.022414638 0.917286098 0.381928653 0.110518351
1403715554162142976.000000 -1.536411524 -1.827547550 -1.151357889 -0.025885504 0.909946680 0.398937881 0.110342801
1403715554262143232.000000 -2.064142704 -1.761754036 -1.193063855 -0.031062618 0.899205685 0.421879560 0.111722954
1403715554362142976.000000 -2.556477308 -1.654487610 -1.269865274 -0.051203698 0.894120097 0.429712951 0.115213625
1403715554462142976.000000 -3.026386976 -1.505713701 -1.411179304 -0.102147207 0.899512768 0.404754251 0.128906056
1403715554512143104.000000 -3.237238407 -1.410963774 -1.482610703 -0.136135459 0.903904855 0.380907178 0.139043063
1403715554612143360.000000 -3.591684818 -1.206175089 -1.626547337 -0.203544274 0.908425391 0.330279529 0.155719504
1403715554712143104.000000 -3.818095207 -0.973404527 -1.739999294 -0.249738306 0.908351004 0.291683912 0.165679529
1403715554862142976.000000 -3.800715923 -0.694823027 -1.780077815 -0.275511116 0.911542118 0.252419829 0.171664834
1403715555012143104.000000 -3.248094082 -0.670970201 -1.617379189 -0.231329292 0.927667737 0.240331486 0.167809755
1403715555762143232.000000 1.103572369 -2.015368462 0.237579465 0.045460731 0.919949591 0.359256715 0.150202036
1403715556412143104.000000 1.894490480 -3.392869949 0.221536934 0.084300876 0.910186231 0.367998928 0.170385420
1403715556912143104.000000 0.905092478 -3.320063591 -0.302425504 -0.034616336 0.910804093 0.363769859 0.192117453
1403715557112143360.000000 0.546402037 -3.119367838 -0.547131598 -0.036976743 0.902157366 0.383845001 0.193410963
1403715557262143232.000000 0.342246741 -2.957081795 -0.804469287 -0.026576256 0.890187204 0.412793607 0.190949962
1403715558012143104.000000 -0.012180924 -1.769273400 -3.347738504 -0.027493646 0.916683018 0.361045420 0.169063777
1403715558612143360.000000 0.350378036 -1.344310284 -5.961922169 -0.027359886 0.937213361 0.308460504 0.160420209
1403715558762143232.000000 0.494335651 -1.132463455 -6.477034569 -0.018575216 0.939421117 0.300223261 0.164343804
1403715558962142976.000000 0.730287790 -0.871249199 -6.965738297 -0.034021139 0.936071634 0.293514341 0.190949634
1403715559112143360.000000 0.868113995 -0.741932631 -7.236833096 -0.042038053 0.930301428 0.287430048 0.223955467
1403715559262143232.000000 1.048368931 -0.674634457 -7.388360500 -0.042920586 0.922627151 0.280086547 0.261664838
1403715559612143360.000000 1.474846363 -0.602027893 -7.345899582 -0.045778830 0.885353029 0.311978698 0.341648370
1403715560012143104.000000 2.130842686 -0.252172232 -6.815743446 -0.064793535 0.856257021 0.308981329 0.408847511
1403715560212143104.000000 2.597237587 -0.194040537 -6.472737312 -0.062526293 0.833916605 0.306891590 0.454412997
1403715560462142976.000000 3.350782871 -0.361071348 -6.024490356 -0.039491214 0.801034749 0.310567856 0.510226786
1403715560712143104.000000 4.170598030 -0.541198969 -5.542048931 -0.033243418 0.768439114 0.298223048 0.565207243
1403715561062142976.000000 5.411125183 -0.835413933 -4.830345631 -0.043684527 0.710867226 0.263215959 0.650751054
1403715561412143104.000000 6.766168594 -1.197762489 -3.974813938 -0.005251418 0.641027272 0.272414386 0.717528403
1403715561762143232.000000 8.168669701 -1.467342377 -3.268796444 -0.006747161 0.603635430 0.215767995 0.767478287
1403715562062142976.000000 9.230008125 -1.759624124 -2.657007456 0.025121074 0.557241559 0.163330346 0.813740790
1403715562362142976.000000 9.877458572 -2.079452991 -2.061875105 0.019963838 0.540243924 0.124922991 0.831944883
1403715562662142976.000000 10.015616417 -2.432882309 -1.329401255 -0.028857913 0.517674685 0.118883565 0.846786261
1403715562962142976.000000 9.826567650 -2.931833506 -0.307748079 -0.004884408 0.460383385 0.174632594 0.870360136
1403715563262143232.000000 9.579770088 -3.392018795 0.741234779 0.024893109 0.393072158 0.134443298 0.909285247
1403715563862142976.000000 8.395777702 -3.787995815 2.547516584 0.062246174 0.166053578 0.017951388 0.983986497
1403715564212143104.000000 7.223519802 -3.393610001 3.220412970 0.063077308 -0.003104755 0.027217753 0.997632623
1403715565212143104.000000 4.895668983 -3.744436264 2.351994753 0.043830704 -0.444023192 -0.173728287 0.877918422
1403715565412143104.000000 4.501543522 -3.938834190 1.931164026 0.052906606 -0.520428538 -0.177928552 0.833484530
1403715565612143360.000000 4.171050072 -4.011454582 1.547549725 0.062657483 -0.592384338 -0.185684159 0.781457722
1403715565862142976.000000 4.043650627 -4.093274117 0.931504726 0.054429192 -0.683988571 -0.222710550 0.692529500
1403715566112143360.000000 4.149007320 -4.169130802 0.300709724 0.050441600 -0.776039839 -0.259992778 0.572382390
1403715566312143104.000000 4.380282402 -4.182040215 -0.103677273 0.050518878 -0.835990429 -0.279212505 0.469689637
1403715566462142976.000000 4.603708267 -4.194729328 -0.346130848 0.051425897 -0.870790541 -0.291837990 0.392313391
1403715566662142976.000000 4.960722446 -4.144170284 -0.563236713 0.052719049 -0.906567216 -0.297588825 0.294614106
1403715566762143232.000000 5.169153214 -4.089657307 -0.636257172 0.053775050 -0.920161664 -0.302673012 0.242486790
1403715566862142976.000000 5.406276703 -4.051429272 -0.689073563 0.049179506 -0.931799233 -0.307807267 0.185973778
1403715566912143104.000000 5.535579681 -4.018292427 -0.691325665 0.047308262 -0.937496245 -0.307674527 0.155560941
1403715567062142976.000000 5.905692101 -4.012489319 -0.645988226 0.036472097 -0.946925819 -0.314290613 0.056768913
1403715567112143360.000000 6.001347542 -4.027106285 -0.596447945 0.027965913 -0.947871029 -0.316762149 0.020497890
1403715568062142976.000000 8.858676910 -3.448985338 1.005771637 -0.020284234 0.765935719 0.257997513 0.588530660
1403715568462142976.000000 9.650500298 -3.312171936 2.058458328 0.002829238 0.621447265 0.195003748 0.758794367
1403715568912143104.000000 9.949832916 -3.430537701 3.309863806 0.009487061 0.425841361 0.126718909 0.895830035
1403715569362142976.000000 9.664063454 -3.748504162 4.590623379 0.020889655 0.260344982 0.084127210 0.961616695
1403715569812143104.000000 9.091767311 -4.067492485 5.553172588 0.034105483 0.133602977 0.026653398 0.990089238
1403715570212143104.000000 8.117109299 -4.201442719 6.005736828 0.053476371 -0.029237170 -0.026139265 0.997798741
1403715570262143232.000000 7.980500221 -4.197715759 6.028594494 0.055111825 -0.051743664 -0.033395566 0.996579170
1403715570512143104.000000 7.269386768 -4.074154854 5.985532284 0.074607477 -0.171914980 -0.070947140 0.979717076
1403715571312143104.000000 5.256697655 -3.360840797 4.729875565 0.060353335 -0.483146846 -0.157615706 0.859118104
1403715571962142976.000000 4.413198471 -2.338264465 3.459616661 -0.117667861 -0.498961121 -0.125323668 0.849403381
1403715572212143104.000000 4.031505585 -2.137797594 3.749647617 -0.110276185 -0.478641361 -0.193528607 0.849286914
1403715572512143104.000000 3.117990255 -2.170884609 4.489794731 0.048879754 -0.523085177 -0.241908967 0.815765202
1403715572762143232.000000 2.253099918 -2.113203526 4.846936703 0.069048196 -0.584029913 -0.252873659 0.768242359
1403715573062142976.000000 1.288161278 -2.129496574 4.813720226 0.051280979 -0.662825465 -0.257727176 0.701148629
1403715573262143232.000000 0.702669144 -2.244303942 4.614215851 0.040278360 -0.712998807 -0.261662483 0.649263501
1403715573562142976.000000 -0.010585308 -2.438564301 4.292030334 0.004280786 -0.776833236 -0.277032524 0.565477490
1403715573762143232.000000 -0.500997066 -2.534708023 4.132589817 0.008660492 -0.803374887 -0.308731019 0.509115875
1403715573962142976.000000 -1.013768196 -2.636540890 3.958236217 0.012898698 -0.824761987 -0.349142283 0.444635719
1403715574112143360.000000 -1.422873020 -2.705149651 3.769561529 0.006111439 -0.845256090 -0.369428009 0.386041135
1403715574312143104.000000 -2.034539223 -2.758716583 3.447273493 0.026353445 -0.880443037 -0.364784271 0.301758200
1403715574562142976.000000 -2.838584900 -2.739470005 2.953539371 0.078378797 -0.901195526 -0.360467017 0.227523312
1403715574812143104.000000 -3.404258251 -2.632005215 2.340243578 0.076722860 -0.906114638 -0.373243362 0.183736905
1403715575112143360.000000 -3.800096035 -2.480531693 1.388629436 0.044623498 -0.921391249 -0.347064734 0.169094726
1403715575362142976.000000 -3.992725849 -2.363101482 0.579439163 0.061200611 -0.930846691 -0.312260598 0.179644883
1403715575562142976.000000 -3.997407436 -2.287732840 0.041239619 0.070350587 -0.919761896 -0.332830548 0.195736557
1403715575812143104.000000 -3.764406919 -2.224612713 -0.630367279 0.113435052 -0.913592398 -0.327822745 0.212164342
1403715576062142976.000000 -3.131831169 -2.155922413 -1.317219973 0.071526557 -0.914571881 -0.331071377 0.220984161
1403715576262143232.000000 -2.458492994 -2.066766739 -1.873564601 0.046360508 -0.917543411 -0.326767832 0.221782774
1403715576462142976.000000 -1.712733984 -2.023243904 -2.390470743 0.050941013 -0.927399397 -0.299209714 0.218652770
1403715576762143232.000000 -0.503233194 -2.051053286 -2.947761059 0.063652642 -0.931130230 -0.275763303 0.229999021
1403715577362142976.000000 2.616677523 -2.163907528 -3.210608482 0.014853030 -0.901501656 -0.310875177 0.300717175
1403715577662142976.000000 4.085232258 -1.923749566 -3.009397984 0.023306636 -0.897148550 -0.313814908 0.310002446
1403715577962142976.000000 5.545981407 -1.908914089 -2.786558628 -0.008863010 -0.893529594 -0.307724327 0.326851696
1403715578612143360.000000 7.533369064 -1.249258041 -1.365747452 -0.030416172 -0.792844594 -0.344477624 0.501804352
1403715578912143104.000000 7.626622677 -0.914297104 -0.697217941 -0.031866461 -0.742700398 -0.392112792 0.541874707
1403715579062142976.000000 7.409061909 -0.760664701 -0.547042847 0.016319461 -0.746834099 -0.378563911 0.546499610
1403715579362142976.000000 6.808320045 -0.518279791 -0.842617989 0.115555033 -0.754356205 -0.349862635 0.543313861
1403715579562142976.000000 6.565002918 -0.239836216 -1.435153961 0.085541725 -0.757457197 -0.345338047 0.547433078
1403715579812143104.000000 6.378980160 0.139949799 -2.483917236 0.070551731 -0.771335721 -0.325524151 0.542307854
1403715580062142976.000000 6.290306568 0.498227954 -3.802617073 0.063968383 -0.770125031 -0.303997517 0.557136416
1403715580312143104.000000 6.266031265 1.065498948 -5.147798061 0.045242436 -0.741594136 -0.273215234 0.611019492
1403715580562142976.000000 6.331342697 1.627850652 -6.455754757 0.010820829 -0.704812169 -0.233279288 0.669853330
1403715580812143104.000000 6.440730095 2.126124382 -7.613356590 -0.043101192 -0.684106290 -0.204954892 0.698666215
1403715581062142976.000000 6.476680756 2.442729473 -8.379821777 -0.094123706 -0.674239457 -0.193945169 0.706347764
1403715581712143104.000000 5.656447411 2.446175575 -8.412817955 0.022865830 -0.709613562 -0.276599318 0.647625327
1403715582062142976.000000 5.081704140 2.527839184 -8.257271767 0.054501977 -0.782135546 -0.298008382 0.544503987
1403715582362142976.000000 4.683123589 2.437208414 -8.376041412 0.055672798 -0.818825185 -0.291585773 0.491328508
1403715582912143104.000000 4.243498802 2.593926430 -8.744729996 0.020395609 -0.790226221 -0.350538224 0.502244413
1403715583162142976.000000 3.878789902 2.944593430 -9.096162796 0.015392311 -0.782279909 -0.349167258 0.515639007
1403715583462142976.000000 3.271107674 3.412741423 -9.712031364 0.041665785 -0.815511227 -0.250734061 0.519940197
1403715583712143104.000000 2.962755203 3.774425507 -10.057968140 0.086980261 -0.839416623 -0.168251783 0.509416878
1403715583962142976.000000 3.260912895 3.895208836 -10.075189590 0.107499026 -0.851000249 -0.125051752 0.498602748
1403715584262143232.000000 4.653231621 3.320996046 -9.481753349 0.014493882 -0.839397669 -0.206772894 0.502440512
1403715584612143360.000000 6.612366676 2.594363213 -8.170750618 -0.033033311 -0.807330072 -0.304352075 0.504476786
1403715585012143104.000000 8.123056412 1.754095554 -6.580072403 0.007142708 -0.777264833 -0.373837173 0.506017804
1403715585362142976.000000 8.833032608 1.215924501 -5.823966026 -0.000922694 -0.770159781 -0.385039389 0.508525074
1403715587962142976.000000 9.391991615 0.709927559 -5.709093094 -0.012630519 -0.766771853 -0.249767348 0.591200173
1403715588362142976.000000 9.602001190 0.449054241 -4.847555161 0.040037230 -0.669862211 -0.194805369 0.715354800
1403715588712143104.000000 10.119729996 0.560858011 -3.806682587 0.028419748 -0.576043844 -0.173216105 0.798349559
1403715589162142976.000000 10.948478699 0.696850657 -2.362688065 -0.042133734 -0.433376253 -0.206970125 0.876112521
1403715589662142976.000000 10.686620712 -0.119077742 -0.646103382 -0.078745000 -0.336219102 -0.187687159 0.919526756
1403715590362142976.000000 8.174442291 -2.682936907 2.159420013 0.032371681 -0.362908989 -0.169357166 0.915733218
1403715590812143104.000000 6.143842697 -3.875809431 3.267796278 0.024439802 -0.481791675 -0.226356030 0.846192956
1403715591112143360.000000 4.556356430 -4.512985229 3.652668476 0.029111492 -0.589014292 -0.248662934 0.768362820
1403715591662142976.000000 1.559580326 -5.225454330 3.810534000 0.044865642 -0.745894372 -0.336138606 0.573270857
1403715592012143104.000000 -0.327126503 -4.939626217 3.505083084 0.071065627 -0.811132073 -0.360063255 0.455377758
1403715592512143104.000000 -2.317868233 -3.913028479 2.189641476 0.125882670 -0.886266053 -0.363093883 0.258551538
1403715593012143104.000000 -2.426542759 -2.992297411 -0.114540458 0.062962756 -0.928250909 -0.363708705 0.045846846
1403715593612143360.000000 -1.426058292 -1.822474122 -2.926368713 -0.073950700 0.916585922 0.330257803 0.212911591
1403715594162142976.000000 0.226704121 -1.090439916 -4.601088047 -0.062991828 0.849499643 0.293170601 0.434089184
1403715594512143104.000000 1.544579983 -0.852887869 -5.024124146 -0.067086816 0.784959674 0.264989555 0.555984020
1403715594862142976.000000 3.014860630 -0.819838881 -4.954962730 -0.073763542 0.680326164 0.265572906 0.679106951
1403715596062142976.000000 9.325796127 -1.221549988 -3.164486408 0.097070612 0.332273751 -0.020952502 0.937940598
1403715596612143360.000000 8.801004410 -1.853723645 -3.187716246 -0.066209264 0.213298365 0.064602353 0.972597897
1403715597112143360.000000 7.777279377 -2.807947159 -2.270739079 -0.138439253 0.118638277 0.071598046 0.980629027
1403715597562142976.000000 7.496209621 -4.221815109 0.153798744 0.014865735 0.055545066 0.053317409 0.996920764
1403715598062142976.000000 7.549600601 -5.527031898 2.803929567 0.041882049 -0.030202238 0.001524136 0.998664796
1403715598462142976.000000 7.738247871 -6.099228382 4.536945820 0.118859880 -0.033735644 0.004231099 0.992328763
1403715598862142976.000000 8.011909485 -5.993634224 5.171806812 0.071740285 -0.023766601 0.001792260 0.997138560
1403715599162142976.000000 8.231106758 -5.560047150 5.128153801 0.039231699 -0.019120598 -0.008145989 0.999013960
1403715599512143104.000000 8.412735939 -4.849760056 4.987410545 0.021852689 -0.033896931 0.037118971 0.998496711
1403715599912143104.000000 9.039816856 -4.023109436 4.705004692 0.043929484 -0.026478859 0.023903653 0.998397589
1403715600212143104.000000 9.686180115 -3.358315229 4.346942902 0.019790074 -0.017052477 -0.050893728 0.998362362
1403715600662142976.000000 9.825420380 -2.374777555 3.673354387 -0.020548843 -0.163215041 -0.094511710 0.981838167
1403715601212143104.000000 9.081492424 -2.207481861 2.928702831 0.008826956 -0.322814018 -0.148798987 0.934650779
1403715602112143360.000000 6.602032661 -2.966756582 1.515132904 0.077690996 -0.317755520 -0.108085059 0.938782871
1403715603012143104.000000 4.688468456 -2.242838144 -0.570776701 0.007581848 -0.085526295 -0.049326487 0.995085299
1403715603612143360.000000 3.160044670 -0.943691850 -1.527554870 -0.007599981 0.013362937 0.019992564 0.999681950
1403715604162142976.000000 2.115383625 -0.515274227 -2.162761450 -0.038306292 0.018354783 0.039302550 0.998324156
1403715604712143104.000000 1.724904895 -0.384372056 -2.061408043 0.003069889 0.029564640 0.013932726 0.999461055
1403715605912143104.000000 0.803908885 -0.336047709 -1.028146863 0.010377784 0.014306074 0.009470316 0.999798954
1403715607112143360.000000 0.183155298 -0.183084309 0.047337901 0.026916742 -0.004320458 0.003822858 0.999621093
1403715607712143104.000000 0.107416824 -0.024893196 0.064963356 0.016797371 0.000948564 -0.004627699 0.999847770
1403715608162142976.000000 0.028391937 0.062851354 0.038597804 0.009170154 -0.000860865 -0.010837777 0.999898911
