1403638535677829376.000000 -0.480673283 -1.052288175 3.216655731 -0.582111180 -0.604969740 -0.375883341 0.392262608
1403638536727829504.000000 -0.480503082 -1.052263021 3.216696024 -0.582435787 -0.604873717 -0.375516862 0.392279893
1403638537477829376.000000 -0.480514526 -1.052542806 3.217075348 -0.582678616 -0.604819417 -0.375385970 0.392128170
1403638537977829376.000000 -0.480639249 -1.052347779 3.217086077 -0.582760990 -0.604890347 -0.375343680 0.391936660
1403638539627829504.000000 -0.488613546 -0.994556069 3.351192236 -0.569484591 -0.594145000 -0.390339524 0.412691414
1403638541127829504.000000 -0.632162333 -0.501527369 3.479650736 -0.457957596 -0.687563896 -0.332138032 0.455208898
1403638542977829376.000000 -1.787490964 0.135042042 3.756938219 -0.297892392 -0.765895665 -0.218743563 0.526132286
1403638543127829504.000000 -1.907256603 0.134664804 3.800764084 -0.304005682 -0.766158760 -0.212686822 0.524733841
1403638543527829504.000000 -2.237573147 0.132427901 3.860026836 -0.299963266 -0.768998384 -0.206661984 0.525313437
1403638543677829376.000000 -2.365895271 0.129473865 3.866325855 -0.276048332 -0.778773189 -0.196255296 0.528008938
1403638545127829504.000000 -3.746389389 0.106184408 4.067717075 -0.179076612 -0.801946402 -0.120075144 0.557131469
1403638545777829376.000000 -4.341826439 0.112416044 4.010418892 -0.139094964 -0.810927451 -0.091678210 0.560931861
1403638546077829376.000000 -4.610303879 0.108452715 4.051498413 -0.070262440 -0.822286308 -0.056750216 0.561861157
1403638546527829504.000000 -5.021155357 0.090826496 4.064234734 -0.041455578 -0.825429380 -0.027842605 0.562292337
1403638546827829504.000000 -5.309345245 0.068714187 4.082648754 -0.020645069 -0.826261520 -0.019780258 0.562560737
1403638546977829376.000000 -5.458070278 0.053445973 4.110653877 -0.012755203 -0.827003002 -0.020686835 0.561671913
1403638548427829504.000000 -7.040471554 -0.397631466 4.038364410 0.027901243 -0.829696894 0.013086150 0.557362795
1403638548627829504.000000 -7.286418915 -0.494182348 4.072630882 0.050200529 -0.827822447 0.029488489 0.557960808
1403638548977829376.000000 -7.727838993 -0.666820824 4.123962879 0.063728385 -0.826937616 0.040376622 0.557209730
1403638549327829504.000000 -8.175176620 -0.844131708 4.242335320 0.061046537 -0.825994670 0.044143733 0.558621109
1403638549777829376.000000 -8.765086174 -1.067010045 4.392833233 0.055317055 -0.823228359 0.046294071 0.563109159
1403638550127829504.000000 -9.241991043 -1.225376487 4.544768810 0.052720226 -0.825460374 0.049054861 0.559847713
1403638550427829504.000000 -9.661712646 -1.347666502 4.735407829 0.054410163 -0.824973881 0.049681567 0.560347676
1403638550577829376.000000 -9.872831345 -1.403953075 4.816233635 0.051392440 -0.824039698 0.054669123 0.561541378
1403638550877829376.000000 -10.292154312 -1.495087504 4.947321892 0.047700081 -0.813331604 0.059154205 0.576816559
1403638551327829504.000000 -10.851349831 -1.561930418 5.111343384 0.039653316 -0.805189669 0.064986303 0.588110507
1403638554227829504.000000 -11.772680283 0.532924712 5.775947571 -0.056491222 -0.806048155 -0.038832247 0.587866664
1403638556227829504.000000 -10.417638779 2.099633932 5.986352444 -0.106304862 -0.819885314 -0.059097726 0.559459388
1403638559027829504.000000 -9.869688034 5.098314762 6.463473320 -0.114872366 -0.822963536 -0.056377828 0.553495288
1403638561877829376.000000 -10.482402802 7.678766727 6.081842899 -0.374433279 -0.721025825 -0.263094842 0.520290911
1403638563477829376.000000 -9.630532265 8.198482513 5.978473186 -0.564779878 -0.561586261 -0.388996333 0.462954134
1403638563777829376.000000 -9.357321739 8.184037209 5.934773922 -0.568921149 -0.566794753 -0.385199338 0.454636157
1403638564027829504.000000 -9.091365814 8.132983208 5.946750164 -0.566000879 -0.568429232 -0.379206836 0.461230308
1403638564427829504.000000 -8.588878632 7.987983227 5.952873707 -0.549060225 -0.577818334 -0.382048368 0.467651635
1403638566927829504.000000 -4.185028553 5.712300301 4.861852169 -0.565288901 -0.623645484 -0.356802106 0.405224830
1403638567227829504.000000 -3.717831850 5.452491760 4.600872517 -0.545740783 -0.608706295 -0.381967664 0.430980653
1403638567577829376.000000 -3.214831591 5.169079304 4.278919697 -0.545784593 -0.606865108 -0.388744503 0.427447766
1403638569877829376.000000 -1.554483175 4.184530258 3.574008942 -0.549169123 -0.616275370 -0.395924628 0.402320474
1403638572627829504.000000 -0.095145911 3.449344873 3.096671820 -0.771781921 -0.310294241 -0.505650878 0.228882879
1403638573227829504.000000 0.661921501 3.196414709 3.154420853 -0.775309503 -0.319491744 -0.503571093 0.207933784
1403638573477829376.000000 0.996337891 3.149912834 3.176882982 -0.775295377 -0.321863025 -0.503171146 0.205280483
1403638573677829376.000000 1.273667336 3.143414736 3.223956585 -0.776128888 -0.321401477 -0.504457414 0.199618727
1403638574177829376.000000 1.967372060 3.212882519 3.336690903 -0.781579375 -0.221918583 -0.551896393 0.187872961
1403638574377829376.000000 2.228670359 3.229444504 3.345565557 -0.793102801 -0.170004189 -0.561083257 0.165142745
1403638574677829376.000000 2.603605270 3.208669424 3.355773687 -0.804573417 -0.122667030 -0.568736076 0.118969634
1403638574877829376.000000 2.842940331 3.179074049 3.391471148 -0.811040103 -0.119734094 -0.564630032 0.095239706
1403638575227829504.000000 3.252841234 3.124275208 3.417277575 -0.818665147 -0.109919824 -0.553378701 0.107130937
1403638575477829376.000000 3.556428194 3.069945335 3.400791168 -0.823208094 -0.117142409 -0.545009196 0.107569553
1403638575727829504.000000 3.880297899 3.005876780 3.388514042 -0.825465500 -0.134633452 -0.539700031 0.095940620
1403638576177829376.000000 4.520976543 2.930139303 3.494156837 -0.824958205 -0.143547624 -0.538935244 0.091580637
1403638576577829376.000000 5.138648510 2.935875177 3.595034361 -0.821906388 -0.157486513 -0.543021262 0.069252506
1403638576777829376.000000 5.454200268 2.979268312 3.617927551 -0.816763759 -0.160584554 -0.550321817 0.065234728
1403638577027829504.000000 5.840132236 3.075995684 3.620435476 -0.809706450 -0.149395570 -0.561654508 0.081244193
1403638577277829376.000000 6.206800938 3.197683573 3.637294769 -0.809593737 -0.143775582 -0.562196195 0.088442542
1403638577677829376.000000 6.762355804 3.437565804 3.721595526 -0.810016513 -0.150764540 -0.561039686 0.079860732
1403638577877829376.000000 7.022304058 3.579617977 3.733084679 -0.810867071 -0.149695203 -0.559622169 0.083120227
1403638578227829504.000000 7.460760117 3.862314701 3.763763905 -0.809873044 -0.142336503 -0.560414493 0.098901883
1403638578627829504.000000 7.946390629 4.186431408 3.816866875 -0.810205102 -0.135135144 -0.560315371 0.106550403
1403638578827829504.000000 8.181071281 4.334513664 3.822054386 -0.809168220 -0.143145636 -0.561970592 0.094579026
1403638579027829504.000000 8.408398628 4.485219479 3.824491262 -0.806987822 -0.148201361 -0.564747751 0.088697106
1403638581877829376.000000 10.168647766 6.108310699 3.815272331 -0.684357762 -0.432099789 -0.500727713 0.306946158
1403638584727829504.000000 9.596446991 6.597545147 4.540561676 -0.674646080 -0.427332073 -0.516275704 0.309353054
1403638587577829376.000000 7.355340004 6.368227482 4.696329117 -0.694037676 -0.431304097 -0.492127538 0.300164789
1403638589077829376.000000 5.998791218 6.220700741 4.540602207 -0.692746282 -0.426968813 -0.495370239 0.303987771
1403638591577829376.000000 3.800755739 5.709177971 4.394507408 -0.723980546 -0.435023338 -0.454602838 0.282742083
1403638591877829376.000000 3.646883488 5.753443241 4.348218918 -0.720806539 -0.432366192 -0.459760100 0.286562622
1403638592777829376.000000 3.444174290 6.098124027 4.591500282 -0.676891625 -0.480337739 -0.443777412 0.337868392
1403638593277829376.000000 3.478252172 6.328419685 4.783941746 -0.668119609 -0.492448241 -0.444384754 0.337095141
1403638593527829504.000000 3.516220570 6.472336769 4.895123005 -0.654173255 -0.491796106 -0.467524111 0.334088475
1403638594927829504.000000 3.396167994 6.944142342 5.397403717 -0.638607621 -0.498817831 -0.460670233 0.362138242
1403638595927829504.000000 3.162207365 6.920108795 5.476781845 -0.640574455 -0.503851116 -0.461216897 0.350824028
1403638597277829376.000000 1.887945294 6.893931389 5.636620522 -0.599251509 -0.535282969 -0.513939440 0.300393194
1403638597427829504.000000 1.574828982 6.906918526 5.654801846 -0.603298724 -0.528099418 -0.511126459 0.309663445
1403638597777829376.000000 0.750348926 6.918906212 5.654688835 -0.608358562 -0.514474273 -0.505434990 0.331287712
1403638597927829504.000000 0.368739218 6.911892891 5.636858463 -0.598077655 -0.528281152 -0.507724941 0.324711591
1403638598077829376.000000 -0.035196517 6.898863792 5.620627403 -0.593443811 -0.532979965 -0.503637314 0.331822723
1403638598227829504.000000 -0.461365432 6.876292706 5.616922855 -0.604752064 -0.525807619 -0.481765419 0.354546845
1403638598377829376.000000 -0.893772364 6.845448017 5.614736080 -0.614219189 -0.522394359 -0.465534896 0.364851058
1403638598527829504.000000 -1.323087573 6.809519291 5.601001740 -0.616954803 -0.523523808 -0.458899736 0.367016047
1403638598677829376.000000 -1.747791290 6.769054890 5.571050644 -0.611974478 -0.532995164 -0.452158958 0.370075315
1403638598827829504.000000 -2.167474031 6.726719856 5.543362617 -0.599844933 -0.546146214 -0.444228530 0.380225390
1403638599027829504.000000 -2.718383312 6.665167332 5.523137569 -0.578998029 -0.569584429 -0.428717434 0.395646572
1403638599227829504.000000 -3.263200998 6.596159458 5.527381420 -0.553178668 -0.595322788 -0.412953675 0.411161095
1403638599427829504.000000 -3.802174330 6.518066883 5.556182384 -0.530533195 -0.621336877 -0.392864674 0.422057301
1403638599627829504.000000 -4.331917286 6.437768459 5.590983868 -0.520853341 -0.634951830 -0.379431069 0.426122159
1403638600427829504.000000 -6.318180084 6.208315849 5.511497974 -0.562974036 -0.612649977 -0.330988884 0.445159227
1403638600577829376.000000 -6.631667614 6.199501038 5.499683857 -0.565862358 -0.611555219 -0.329839319 0.443853706
1403638600777829376.000000 -7.001718521 6.212619305 5.511900425 -0.571182311 -0.613949001 -0.322477192 0.439119428
1403638600977829376.000000 -7.322663307 6.260120869 5.541673660 -0.557787478 -0.632960021 -0.339353204 0.416021854
1403638601177829376.000000 -7.622427940 6.341052532 5.554408073 -0.545926988 -0.641579986 -0.353754252 0.406444192
1403638601577829376.000000 -8.226568222 6.571925163 5.568235874 -0.509198129 -0.645256400 -0.360639066 0.440795779
1403638601777829376.000000 -8.533253670 6.694198132 5.605844975 -0.470819652 -0.670331836 -0.344733566 0.458413392
1403638601977829376.000000 -8.844253540 6.804987907 5.665623665 -0.425522536 -0.697887063 -0.323140502 0.476932377
1403638602177829376.000000 -9.156670570 6.904181004 5.710025311 -0.396952838 -0.713822663 -0.309067965 0.487198770
1403638602627829504.000000 -9.862305641 7.036965370 5.812357903 -0.317492485 -0.691626072 -0.254105151 0.596894026
1403638604677829376.000000 -10.210095406 5.820921898 6.056689739 -0.200462997 -0.785293639 -0.152216807 0.565648675
1403638605127829504.000000 -10.025934219 5.330255985 6.071699619 -0.213262439 -0.801738501 -0.135031432 0.541757405
1403638605877829376.000000 -9.856097221 4.592466354 6.153228760 -0.177176729 -0.796055377 -0.183758974 0.548759460
1403638606277829376.000000 -9.865984917 4.073943615 6.210200787 -0.173928350 -0.799364865 -0.193708703 0.541517913
1403638606827829504.000000 -10.016022682 3.239878178 6.117877007 -0.191668659 -0.822575271 -0.130319089 0.519278288
1403638607027829504.000000 -10.127699852 2.960527897 6.072518826 -0.160233751 -0.830883205 -0.103222892 0.522784114
1403638607227829504.000000 -10.271341324 2.706975698 6.060608387 -0.135046616 -0.825976968 -0.078326523 0.541654527
1403638607977829376.000000 -10.846297264 1.945360422 5.858696461 -0.124547519 -0.813490629 -0.058865201 0.565027356
1403638608977829376.000000 -11.393344879 1.264306068 5.265769958 -0.122947030 -0.803529382 -0.072128735 0.577946484
1403638609227829504.000000 -11.456548691 1.125504971 5.169507504 -0.128027827 -0.803271055 -0.064444385 0.578110278
1403638609477829376.000000 -11.496382713 1.011379361 5.054658413 -0.127944410 -0.803629756 -0.065477803 0.577513695
1403638609727829504.000000 -11.516160011 0.920006335 4.900807858 -0.123850204 -0.805254340 -0.072171055 0.575341642
1403638610177829376.000000 -11.519749641 0.795849025 4.684334755 -0.123864844 -0.798323810 -0.072733380 0.584847510
1403638610627829504.000000 -11.442483902 0.714683235 4.456561089 -0.121435836 -0.784127593 -0.076732822 0.603746116
1403638610927829504.000000 -11.313027382 0.668616354 4.304692268 -0.123836242 -0.796383023 -0.068969630 0.587947249
1403638611327829504.000000 -11.073135376 0.636450827 4.133549213 -0.120053612 -0.792978346 -0.069912441 0.593198895
1403638611677829376.000000 -10.794909477 0.608422816 4.027712345 -0.104538694 -0.800350308 -0.095742270 0.582532823
1403638612077829376.000000 -10.452482224 0.538409770 3.899511576 -0.124085784 -0.805670142 -0.072050795 0.574723423
1403638612477829376.000000 -10.110391617 0.496302485 3.827262640 -0.125633270 -0.804012358 -0.074048735 0.576452315
1403638612827829504.000000 -9.805846214 0.474136800 3.726699114 -0.120680444 -0.800951719 -0.091461763 0.579264402
1403638613127829504.000000 -9.536726952 0.434432983 3.651797295 -0.126171812 -0.800872684 -0.089398161 0.578525484
1403638613477829376.000000 -9.219538689 0.370225221 3.636697292 -0.127533779 -0.801597774 -0.089572087 0.577194154
1403638613927829504.000000 -8.800638199 0.275667787 3.551133156 -0.155059278 -0.785989881 -0.100190178 0.590032697
1403638614327829504.000000 -8.362846375 0.189577758 3.419126987 -0.214511260 -0.781069756 -0.143701211 0.568563819
1403638614527829504.000000 -8.135594368 0.141851440 3.388993263 -0.234709591 -0.777476668 -0.150283858 0.563787520
1403638614727829504.000000 -7.905630112 0.099811792 3.389459610 -0.260882944 -0.770895243 -0.154909492 0.560056865
1403638614927829504.000000 -7.666320801 0.070328072 3.422848701 -0.300852001 -0.764511824 -0.163987115 0.546001732
1403638615127829504.000000 -7.418894291 0.066132940 3.477075100 -0.342645079 -0.748982608 -0.197590873 0.531580091
1403638615327829504.000000 -7.164193153 0.081352830 3.546726704 -0.380083561 -0.723408341 -0.248517066 0.520054102
1403638615527829504.000000 -6.911010742 0.100113735 3.599164248 -0.423930675 -0.695527196 -0.287503451 0.503851593
1403638615727829504.000000 -6.664316177 0.115444385 3.635760069 -0.454050839 -0.675406873 -0.310075998 0.491443187
1403638615927829504.000000 -6.421947956 0.123866051 3.691021919 -0.473448575 -0.661781251 -0.320294499 0.485080898
1403638616177829376.000000 -6.116109371 0.127241135 3.735548496 -0.500059664 -0.643357694 -0.337940723 0.470985442
1403638616377829376.000000 -5.867908478 0.126371086 3.704524517 -0.529642403 -0.620491087 -0.356055647 0.455734879
1403638616777829376.000000 -5.374072075 0.119339973 3.558763742 -0.577863455 -0.599869788 -0.357719958 0.422216296
1403638617027829504.000000 -5.058624268 0.146383002 3.467453003 -0.580663860 -0.600538969 -0.358782440 0.416482508
1403638617477829376.000000 -4.490472794 0.285550594 3.436189175 -0.567786038 -0.617220581 -0.363348931 0.405752778
1403638618377829376.000000 -3.558191061 0.876309216 3.681238890 -0.551828682 -0.625089109 -0.366344541 0.412965536
1403638618627829504.000000 -3.351072311 1.096153140 3.724508047 -0.551048338 -0.624554455 -0.368934602 0.412510395
1403638618877829376.000000 -3.165016174 1.334065318 3.776290178 -0.554822147 -0.617925406 -0.377287537 0.409871668
1403638619127829504.000000 -2.995893478 1.582147241 3.828456640 -0.572185874 -0.590347290 -0.403055876 0.402043968
1403638621727829504.000000 -1.359969258 3.221018314 3.602008104 -0.630356252 -0.506031334 -0.460348070 0.366964608
1403638624477829376.000000 -0.726154149 1.950670004 3.562748909 -0.645135641 -0.494029760 -0.455010772 0.364279926
1403638624827829504.000000 -0.701847255 1.595817208 3.524847031 -0.634301901 -0.499017745 -0.461932689 0.367777973
1403638625077829376.000000 -0.690969229 1.319019079 3.532247066 -0.633377075 -0.508566499 -0.448035121 0.373441011
1403638625327829504.000000 -0.678470373 1.041794896 3.524729967 -0.633085847 -0.511081576 -0.440926492 0.378921956
1403638625577829376.000000 -0.657159805 0.766785443 3.529348373 -0.631925166 -0.512119472 -0.440738559 0.379675925
1403638625827829504.000000 -0.627846837 0.496804774 3.562465906 -0.638416827 -0.517535448 -0.432157993 0.371241808
1403638626077829376.000000 -0.589490473 0.240720600 3.573522568 -0.641286612 -0.517931402 -0.429740906 0.368539363
1403638626327829504.000000 -0.541393042 0.002434460 3.555457354 -0.637138784 -0.518852592 -0.437114745 0.365755260
1403638626577829376.000000 -0.493955612 -0.221098110 3.517097950 -0.633007169 -0.522573411 -0.442273289 0.361404628
1403638626977829376.000000 -0.436430037 -0.532560468 3.486824274 -0.640781522 -0.528435409 -0.429693609 0.354286015
1403638627427829504.000000 -0.382239908 -0.780976653 3.465486288 -0.637664676 -0.530879498 -0.432022721 0.353422046
1403638627677829376.000000 -0.358134508 -0.877538919 3.432547331 -0.634113848 -0.528653026 -0.438049108 0.355722815
1403638627927829504.000000 -0.343859971 -0.953239441 3.394347668 -0.632630706 -0.528002381 -0.441180170 0.355460316
1403638628177829376.000000 -0.342173994 -1.013667822 3.359123945 -0.634779751 -0.529728532 -0.440064341 0.350408077
1403638628427829504.000000 -0.354504973 -1.052431226 3.338198423 -0.637780011 -0.527496815 -0.437099099 0.352034241
1403638628677829376.000000 -0.374601066 -1.073189139 3.334483385 -0.638793468 -0.508948028 -0.436080724 0.377820581
1403638629127829504.000000 -0.382441461 -1.117163062 3.298496723 -0.633329093 -0.519072235 -0.444967002 0.362577975
1403638629527829504.000000 -0.400749594 -1.147146344 3.288778067 -0.641300619 -0.526266873 -0.434388846 0.350831956
1403638629977829376.000000 -0.418668330 -1.129158497 3.284784794 -0.636714041 -0.505523860 -0.443510413 0.377278805
1403638630377829376.000000 -0.414170086 -1.127637148 3.182109594 -0.644447625 -0.529282451 -0.430234730 0.345609009
1403638630577829376.000000 -0.421111912 -1.106367111 3.196135521 -0.631977081 -0.515305698 -0.447356611 0.367337972
1403638630777829376.000000 -0.419554442 -1.099162698 3.172795773 -0.641783834 -0.540702224 -0.424413890 0.340040296
1403638631277829376.000000 -0.423649043 -1.130320549 3.167329073 -0.641666412 -0.539023340 -0.422971964 0.344692558
