1403636586163555584.000000 1.463051677 -0.626868725 -0.233258054 -0.617526233 -0.628368914 -0.316700220 0.351446748
1403636588963555584.000000 1.675481558 -0.604356289 -0.223212108 -0.658807099 -0.633285463 -0.266164213 0.306723803
1403636591813555456.000000 1.645763040 -0.610773623 -0.246047169 -0.644431055 -0.616133034 -0.312351078 0.327910811
1403636594213555456.000000 1.549284220 -0.757981122 -0.271827579 -0.693724692 -0.578923404 -0.293243110 0.312413543
1403636596263555584.000000 1.596948862 -0.759352505 -0.315586865 -0.654824495 -0.620022655 -0.294724375 0.316092312
1403636596563555584.000000 1.503972530 -0.877256036 -0.279402912 -0.647537231 -0.618277967 -0.305901736 0.323808819
1403636597013555456.000000 1.463449955 -0.844661117 -0.276808083 -0.636587918 -0.627120137 -0.315292418 0.319479167
1403636598563555584.000000 1.445884943 -0.648285687 -0.344572365 -0.551347435 -0.716852427 -0.254099220 0.342888266
1403636601263555584.000000 1.478552222 -0.436607122 -0.507846713 -0.493804008 -0.627008080 -0.336160749 0.500014365
1403636603763555584.000000 1.478610158 -0.436570942 -0.507994294 -0.493871152 -0.626870871 -0.336217999 0.500081658
1403636606263555584.000000 1.478640199 -0.436597317 -0.507981539 -0.493857116 -0.626877546 -0.336198390 0.500100434
1403636608763555584.000000 1.478557706 -0.436504662 -0.508043468 -0.493841529 -0.626888216 -0.336302906 0.500032008
1403636611263555584.000000 1.478600979 -0.436412990 -0.508019924 -0.493866920 -0.627025545 -0.336144805 0.499941260
1403636613763555584.000000 1.479085565 -0.436675072 -0.508161664 -0.493693292 -0.626766980 -0.336698800 0.500064015
1403636616263555584.000000 1.479194164 -0.436687499 -0.508103251 -0.493772566 -0.626746058 -0.336573392 0.500096381
1403636618763555584.000000 1.479181647 -0.436608762 -0.508207560 -0.493824154 -0.626670599 -0.336521983 0.500174642
1403636621263555584.000000 1.479210615 -0.436596155 -0.508172393 -0.493457943 -0.626921713 -0.337089479 0.499839127
1403636623763555584.000000 1.479684711 -0.436472267 -0.508081019 -0.495002955 -0.625514448 -0.336332142 0.500584185
1403636626613555456.000000 1.534204245 -0.383107871 -0.151875004 -0.485686570 -0.643167377 -0.345699757 0.480558038
1403636629113555456.000000 1.882632971 -0.299358547 -0.021072738 -0.551154852 -0.618587971 -0.365388244 0.424345136
1403636630713555456.000000 2.458202600 0.190335900 -0.043837152 -0.634448111 -0.525101244 -0.439068645 0.359114200
1403636633013555456.000000 3.016023397 1.208085418 -0.206539840 -0.582021475 -0.583407104 -0.396956801 0.404119283
1403636635663555584.000000 3.454248905 3.002238750 -0.264592826 -0.547909558 -0.619238496 -0.356941015 0.434662968
1403636638113555456.000000 3.740878344 4.512224197 0.068454713 -0.529078364 -0.621587992 -0.371043324 0.442754358
1403636638413555456.000000 3.727047443 4.649757385 0.027945738 -0.539513767 -0.623946249 -0.354675353 0.440251529
1403636638713555456.000000 3.729990244 4.800534725 -0.023560507 -0.546330571 -0.633393288 -0.343504161 0.427013665
1403636641463555584.000000 4.155224323 6.420332909 -0.207872286 -0.504875004 -0.639185727 -0.346985191 0.464913160
1403636643663555584.000000 4.437084198 6.897234440 -0.209162086 -0.551116884 -0.620890856 -0.360558718 0.425161302
1403636644163555584.000000 4.514642715 7.095151424 -0.147561625 -0.552775919 -0.630899072 -0.354323417 0.413352221
1403636644513555456.000000 4.567474842 7.305486679 -0.183119357 -0.550953448 -0.598256230 -0.358753383 0.458078295
1403636647013555456.000000 5.419580460 9.187210083 -0.323968530 -0.632513642 -0.505614996 -0.448843896 0.377914071
1403636647463555584.000000 5.607672215 9.444384575 -0.271889865 -0.633874536 -0.508789062 -0.441503316 0.380015224
1403636649713555456.000000 6.718616962 9.806181908 -0.145486236 -0.721335649 -0.367201239 -0.515567899 0.281118989
1403636650063555584.000000 6.858698845 9.785887718 -0.041962266 -0.725468338 -0.350198150 -0.528725564 0.267406762
1403636651763555584.000000 7.173225880 9.307908058 -0.029695651 -0.770035326 -0.242571384 -0.557565093 0.193199217
1403636654713555456.000000 7.364133358 7.907708645 -0.106125191 -0.818791509 -0.010766015 -0.573757887 0.016325597
1403636654913555456.000000 7.342925072 7.831149578 -0.094200395 0.820928454 -0.005193439 0.570998251 -0.003227165
1403636655263555584.000000 7.302744865 7.709185600 -0.121299043 0.805547893 -0.016814174 0.592289567 0.001691553
1403636655713555456.000000 7.171076298 7.548628807 -0.157669827 0.814723611 -0.064948909 0.575763702 0.022436477
1403636657163555584.000000 6.722701550 6.828641891 -0.225478008 0.794272780 -0.122072659 0.591033816 0.070056781
1403636657563555584.000000 6.543493748 6.620974064 -0.257302493 0.810142040 -0.130467921 0.568680704 0.057011675
1403636658763555584.000000 6.042318344 5.742999077 -0.397540420 0.816489875 -0.123331025 0.554872155 0.101246387
1403636659113555456.000000 5.965275764 5.520537853 -0.477001727 0.802536666 -0.126603201 0.574889421 0.096998073
1403636659463555584.000000 5.882336617 5.348389626 -0.570062876 0.809304774 -0.127794787 0.565579355 0.093885072
1403636662163555584.000000 5.845228672 5.275127888 -1.223657727 0.797867835 -0.135888204 0.580844581 0.086953558
1403636663213555456.000000 5.707362652 5.557684422 -1.323822737 0.819145679 -0.162351474 0.546182454 0.065780692
1403636663513555456.000000 5.709029675 5.556781769 -1.382622838 0.832039416 -0.136468783 0.527637780 0.103369087
1403636663913555456.000000 5.827570438 5.565526485 -1.487231374 0.829853952 -0.114335373 0.531177104 0.126967803
1403636666813555456.000000 7.200900078 7.198729992 -1.493066549 0.819261193 -0.107481606 0.559048057 0.068731882
1403636668913555456.000000 7.913796425 7.989607811 -1.698244214 0.811526239 -0.098623067 0.565968573 0.106669106
1403636669313555456.000000 8.088134766 8.211707115 -1.712471843 0.802907169 -0.112720296 0.578293085 0.090616576
1403636669763555584.000000 8.219581604 8.517842293 -1.774656177 0.786062002 -0.110185787 0.601535201 0.090117373
1403636670113555456.000000 8.226618767 8.766016960 -1.769821882 0.794177592 -0.144964576 0.589368045 0.030209960
1403636670263555584.000000 8.200166702 8.840633392 -1.748359680 0.786370695 -0.148700103 0.599524558 0.008931143
1403636670613555456.000000 8.061588287 8.894571304 -1.720865965 0.790186167 -0.126095772 0.598446667 -0.039588783
1403636673063555584.000000 6.827549934 6.446469784 -1.185415387 -0.806830227 -0.188490197 -0.549136460 0.109295629
1403636673313555456.000000 6.838403702 6.408952236 -1.193407416 -0.817545176 -0.220023617 -0.518909514 0.118077755
1403636675313555456.000000 7.351846695 7.241990566 -1.471212387 -0.799140215 -0.273435295 -0.510452390 0.161388755
1403636677663555584.000000 8.008905411 9.188384056 -1.770196438 -0.636191666 -0.484724402 -0.477711529 0.363447607
1403636680463555584.000000 7.786238670 9.900094986 -1.418489218 -0.329912066 -0.736920178 -0.301144481 0.507364452
1403636683263555584.000000 6.458831310 8.310298920 -1.313430429 -0.361905992 -0.725085616 -0.267723680 0.521151602
1403636685713555456.000000 5.655704975 6.567793369 -1.319873452 -0.358414590 -0.733199656 -0.259619772 0.516289592
1403636688513555456.000000 5.068281651 4.900921822 -1.579385042 -0.354859173 -0.734044075 -0.251764119 0.521410763
1403636689363555584.000000 4.884110928 4.442036152 -1.718037009 -0.335796773 -0.753329337 -0.222512022 0.519830763
1403636689963555584.000000 4.695536613 4.230978012 -1.589952707 -0.354156226 -0.751697600 -0.190847829 0.522590995
1403636690313555456.000000 4.593970299 4.225827694 -1.548245788 -0.345533103 -0.756963491 -0.210820392 0.512999058
1403636690513555456.000000 4.531742096 4.256996155 -1.508212566 -0.346673340 -0.753819048 -0.211138830 0.516715586
1403636690713555456.000000 4.466602325 4.306941986 -1.486490965 -0.358026326 -0.742984831 -0.195229203 0.530731797
1403636691413555456.000000 4.523638725 4.635314465 -1.515681505 -0.327547729 -0.718089461 -0.228636697 0.569899440
1403636694163555584.000000 5.710299969 5.219765663 -0.806248784 -0.322560906 -0.745252728 -0.225382462 0.538289487
1403636694663555584.000000 5.705988884 5.346835613 -0.766180515 -0.325010180 -0.752440751 -0.222159818 0.528059125
1403636695563555584.000000 5.731257915 5.577840328 -0.784422457 -0.330490470 -0.745462477 -0.234020606 0.529429972
1403636698413555456.000000 5.466351986 5.338931084 -0.789408743 -0.433400124 -0.694718719 -0.306595236 0.485313982
1403636701213555456.000000 5.240631580 4.689924240 -1.290395021 -0.718194604 -0.415907443 -0.474485725 0.293395430
1403636703313555456.000000 5.904951572 4.654020786 -1.688063622 -0.752814651 -0.320967078 -0.512312531 0.260357678
1403636704613555456.000000 6.432305336 4.793761253 -1.777054429 -0.753992677 -0.351845533 -0.500817478 0.238498703
1403636705013555456.000000 6.622256756 4.901365280 -1.820727825 -0.763239861 -0.362980306 -0.483165890 0.228606269
1403636705513555456.000000 6.899350166 5.175572395 -1.886738062 -0.746550858 -0.359869987 -0.506447911 0.238046199
1403636705863555584.000000 7.084837437 5.421543598 -1.945173979 -0.745431364 -0.354329199 -0.508800805 0.244754463
1403636706313555456.000000 7.334785461 5.737432003 -1.977737546 -0.737140894 -0.350205600 -0.516564548 0.259114742
1403636706913555456.000000 7.643606663 6.119811535 -2.032978773 -0.745914400 -0.363483727 -0.505352974 0.236874729
1403636709613555456.000000 8.807363510 8.266662598 -2.071599722 -0.742120981 -0.345498979 -0.528241992 0.225493461
1403636712513555456.000000 8.167998314 9.670234680 -2.109761238 -0.661076725 -0.457141876 -0.495179951 0.329842091
1403636715163555584.000000 6.852207184 8.545777321 -1.549986362 -0.611458480 -0.562170923 -0.408973277 0.377919793
1403636717963555584.000000 6.560219765 7.419497013 -1.466428638 -0.501656890 -0.643401742 -0.375303894 0.439911038
1403636720713555456.000000 5.779726028 6.027350903 -1.728118658 -0.439398259 -0.689639330 -0.291318834 0.496447414
1403636723663555584.000000 5.865426540 5.010847092 -1.761291623 -0.533675432 -0.599404514 -0.392472208 0.449299723
1403636726163555584.000000 5.698765278 4.250440598 -1.441906691 -0.613020599 -0.542175055 -0.422642678 0.389390856
1403636728913555456.000000 5.472927570 3.532322168 -0.883751154 -0.572133183 -0.576991677 -0.410460860 0.413843066
1403636731413555456.000000 4.866902828 2.551699877 -0.743826866 -0.562674940 -0.591115117 -0.384933084 0.431052625
1403636734263555584.000000 4.547120571 1.592648268 -0.722412944 -0.548666179 -0.601792872 -0.390666753 0.429174066
1403636736763555584.000000 3.940895557 0.832156122 -0.378214121 -0.512325048 -0.633433700 -0.377275586 0.440395236
1403636738063555584.000000 3.573831558 0.551459849 -0.317669719 -0.523545861 -0.635779738 -0.336876720 0.456287056
1403636740813555456.000000 3.881760359 0.557511806 -0.625755787 -0.677546442 -0.460221499 -0.464461386 0.336753041
1403636743713555456.000000 4.214131355 0.712579846 -1.411542416 -0.696797788 -0.447501212 -0.465355515 0.312505782
1403636746463555584.000000 4.710342884 1.256467581 -2.261886835 -0.693487227 -0.397236198 -0.525923431 0.291004211
1403636749363555584.000000 4.484589100 1.799446702 -1.696393847 -0.723066211 -0.374306738 -0.503258407 0.289483696
1403636750863555584.000000 4.439263344 1.725848556 -1.278767943 -0.705071330 -0.409076661 -0.499820977 0.292762309
1403636751863555584.000000 4.256433964 1.640647769 -0.807432532 -0.719487667 -0.412232578 -0.467441320 0.306431949
1403636754363555584.000000 4.036788464 1.609631658 -0.391147673 -0.539884388 -0.599296331 -0.403404981 0.432010680
1403636756313555456.000000 3.131796837 0.869799197 -0.253279358 -0.496372342 -0.644922018 -0.356424540 0.458968133
1403636756713555456.000000 2.903925180 0.701422393 -0.237841159 -0.492507935 -0.645110250 -0.356364310 0.462896556
1403636757113555456.000000 2.685023308 0.493350893 -0.199761152 -0.491495401 -0.645323515 -0.352929235 0.466294765
1403636757513555456.000000 2.476899385 0.254118919 -0.202271879 -0.488935679 -0.653940558 -0.352031767 0.457577765
1403636757713555456.000000 2.366070747 0.129760310 -0.196259528 -0.486901790 -0.671433926 -0.334516227 0.447439432
1403636758063555584.000000 2.147238731 -0.038522508 -0.106946938 -0.476059645 -0.674363434 -0.324140429 0.462097704
1403636758563555584.000000 1.838613272 -0.234262228 -0.058912598 -0.492180318 -0.674241185 -0.295249909 0.464741707
1403636759063555584.000000 1.601145506 -0.320684940 -0.093700007 -0.476781070 -0.660639882 -0.321772575 0.482387006
1403636759363555584.000000 1.508968234 -0.353569776 -0.150313914 -0.490028530 -0.646990955 -0.299828619 0.501375675
1403636759763555584.000000 1.486089945 -0.394199133 -0.242640406 -0.468226284 -0.663415134 -0.327277124 0.483253717
1403636760013555456.000000 1.485705972 -0.429875553 -0.258300841 -0.473134309 -0.670923531 -0.320481807 0.472543180
1403636760513555456.000000 1.487550735 -0.484795541 -0.320270926 -0.467682391 -0.665035665 -0.329773933 0.479843616
1403636760763555584.000000 1.490468025 -0.516754985 -0.360212266 -0.469145656 -0.676893353 -0.325742334 0.464337945
1403636761113555456.000000 1.472716212 -0.560557187 -0.406687319 -0.471053332 -0.679511249 -0.320389062 0.462302983
1403636761513555456.000000 1.415801048 -0.576827407 -0.437912196 -0.469901413 -0.676825881 -0.321677536 0.466500819
1403636761863555584.000000 1.357307196 -0.569402456 -0.428576201 -0.478542447 -0.658844531 -0.312729925 0.489000022
1403636762363555584.000000 1.315241814 -0.571943462 -0.397438347 -0.471445858 -0.684916854 -0.327809006 0.448518574
1403636762713555456.000000 1.248717904 -0.553607702 -0.453321069 -0.491086096 -0.653172255 -0.299838424 0.492237240
1403636763163555584.000000 1.286536694 -0.572173536 -0.497714669 -0.503787398 -0.619733632 -0.344190419 0.493620753
1403636763463555584.000000 1.292791605 -0.582037449 -0.515733957 -0.513492525 -0.623033822 -0.334618032 0.485988647
1403636763713555456.000000 1.298384309 -0.598027468 -0.525409698 -0.513909042 -0.622712374 -0.334075570 0.486333638
