1403637130538319104.000000 0.000000000 0.000000000 0.000000000 -0.000000000 -0.000000000 -0.000000000 1.000000000
1403637133238319104.000000 0.001071694 -0.003337958 -0.003327500 0.002074220 0.001727996 -0.001609571 0.999995053
1403637133338319360.000000 0.002197482 -0.008206872 -0.006592297 0.000251415 0.004808154 -0.004809937 0.999976873
1403637133438319104.000000 0.003737203 -0.018358501 -0.010615493 -0.004356253 0.010914530 -0.004328637 0.999921560
1403637133538319104.000000 0.004821627 -0.024666000 -0.013625805 -0.013753273 0.012514168 -0.001874776 0.999825358
1403637133588318976.000000 0.006331373 -0.026922993 -0.014185531 -0.018410273 0.014568761 -0.000065651 0.999724388
1403637133638319360.000000 0.008582471 -0.030322723 -0.015364700 -0.021418063 0.017095467 0.000491310 0.999624372
1403637133738319104.000000 0.013191509 -0.045070101 -0.021786120 -0.023772242 0.022208735 -0.001260035 0.999469876
1403637134088318976.000000 0.012186361 -0.226489618 -0.071302965 -0.031200288 0.050494276 -0.003166778 0.998231888
1403637134438319104.000000 0.000697623 -0.419613540 -0.116128236 0.010301702 0.073392846 -0.015390947 0.997131109
1403637135188318976.000000 0.037352808 -0.064027123 -0.027881192 -0.080375046 0.061051935 0.006762259 0.994870305
1403637135288319232.000000 0.037934739 -0.073464699 -0.033230554 -0.094816074 0.062368646 0.004477786 0.993529081
1403637135488319232.000000 0.035352193 -0.210514411 -0.061440516 -0.071708225 0.071593583 -0.006327102 0.994832814
1403637136488319232.000000 0.036806494 -0.127797902 -0.022030475 -0.095848650 0.077332899 0.005332208 0.992373049
1403637136588318976.000000 0.037434340 -0.096576907 -0.020308493 -0.107637376 0.073964380 0.011682994 0.991366208
1403637136788319232.000000 0.034262590 -0.164459676 -0.042312983 -0.108289234 0.073424965 0.007606689 0.991374969
1403637136888318976.000000 0.030678822 -0.256802887 -0.064530484 -0.090417497 0.074558794 0.003468772 0.993103027
1403637136988319232.000000 0.028861133 -0.362457097 -0.086660266 -0.066434324 0.083779596 -0.000175495 0.994267285
1403637137888318976.000000 0.038899079 -0.113853030 -0.023808269 -0.094146505 0.082244568 0.002455248 0.992152333
1403637138088318976.000000 0.042624932 -0.110632688 -0.034088392 -0.122687802 0.078154705 0.003160508 0.989358187
1403637138238319104.000000 0.045559254 -0.231503874 -0.059833240 -0.101745285 0.077136829 -0.012425867 0.991737604
1403637138388318976.000000 0.041287221 -0.387863159 -0.091173366 -0.050852150 0.089359395 -0.020894105 0.994480968
1403637138588318976.000000 0.035154339 -0.512891352 -0.118652888 -0.000859880 0.104662322 -0.020122971 0.994303882
1403637139588318976.000000 0.047099005 -0.032130688 0.041976605 -0.049989231 0.049707167 0.004419796 0.997502267
1403637139688318976.000000 0.045507707 -0.024886854 0.045670219 -0.044370275 0.046704363 0.000428860 0.997922778
1403637140338319360.000000 0.057117768 -0.011042526 0.042448007 -0.003335939 0.063029043 0.015188726 0.997890532
1403637149738319104.000000 0.057545420 -0.008333663 0.035964973 -0.018745763 0.040197246 0.006490664 0.998994827
1403637149888318976.000000 0.062079195 -0.008289882 0.033302311 -0.036765419 0.035720974 0.007587128 0.998656511
1403637150038319104.000000 0.078602061 -0.012748754 0.028527008 -0.066499695 0.041180119 -0.007543098 0.996907771
1403637150188318976.000000 0.105420768 -0.038522385 0.028477095 -0.081995599 0.051896989 -0.021024276 0.995058477
1403637151188318976.000000 0.277481258 -0.364777207 0.235338777 -0.020187516 0.072704270 -0.022332355 0.996899128
1403637151788319232.000000 0.353083432 -0.557227075 0.303258687 -0.041904405 0.064113840 -0.016746162 0.996921778
1403637152038319104.000000 0.393708408 -0.608993948 0.333206058 -0.042438950 0.063372687 -0.019131375 0.996903658
1403637152238319104.000000 0.424540073 -0.665380478 0.356100410 -0.045907672 0.061982308 -0.015632808 0.996898353
1403637152488319232.000000 0.468026698 -0.702701569 0.398207724 -0.047920451 0.061314505 -0.015193949 0.996851742
1403637152738319104.000000 0.519575596 -0.711654186 0.454765588 -0.044737309 0.061384261 -0.015224825 0.996994853
1403637153088318976.000000 0.600865960 -0.764216304 0.526438594 -0.035298236 0.060346458 -0.016051715 0.997424006
1403637153688318976.000000 0.742989779 -0.846020699 0.634623945 -0.046253137 0.063552596 -0.022869501 0.996643722
1403637153888318976.000000 0.780360401 -0.895648301 0.669617057 -0.039747335 0.063659087 -0.022401391 0.996928215
1403637154188318976.000000 0.831098616 -0.922508538 0.728797972 -0.050414797 0.059461404 -0.007211110 0.996930659
1403637154488319232.000000 0.909135520 -0.898466229 0.812355459 -0.050738703 0.059232414 -0.000388271 0.996953845
1403637154688318976.000000 0.980279803 -0.880923390 0.884138644 -0.052465994 0.069927447 -0.019092334 0.995988429
1403637155238319104.000000 1.176969171 -0.948126733 1.113484621 -0.048686307 0.129469916 -0.000274261 0.990387380
1403637155488319232.000000 1.250310063 -1.040499687 1.239716649 -0.031945582 0.154525951 0.009352749 0.987427831
1403637155988319232.000000 1.432912111 -1.079623342 1.476305962 -0.032089647 0.226473421 0.057093605 0.971812904
1403637156888318976.000000 2.008847475 -0.959659696 1.683031559 -0.021575918 0.436500609 0.120612964 0.891321599
1403637157088318976.000000 2.168970346 -0.884304643 1.683550477 -0.034811728 0.449577510 0.121921062 0.884196520
1403637157288319232.000000 2.327586174 -0.819178879 1.691803455 -0.032836676 0.447781891 0.129765496 0.884066820
1403637158138319360.000000 3.185637474 -0.803922176 1.518933535 -0.015300942 0.437326491 0.113558926 0.891973019
1403637159538319104.000000 4.723538876 -0.623028874 0.623311758 -0.012093674 0.535354614 0.162957922 0.828669965
1403637159638319360.000000 4.839387417 -0.590083361 0.540690422 -0.020010656 0.535369933 0.156709760 0.829711199
1403637159738319104.000000 4.952408314 -0.558416605 0.457327127 -0.024385937 0.535739779 0.150573030 0.830491424
1403637159838319360.000000 5.067786217 -0.531019211 0.373653412 -0.024896851 0.537201643 0.146340951 0.830288410
1403637160188318976.000000 5.486392021 -0.452118397 0.076835394 -0.010092814 0.584910512 0.162410274 0.794607222
1403637160288319232.000000 5.606361866 -0.420209050 -0.010700703 -0.006802155 0.606088758 0.168288693 0.777360380
1403637160388318976.000000 5.724731445 -0.383411646 -0.095586300 -0.005146881 0.629250705 0.175628424 0.757081151
1403637160488319232.000000 5.845601559 -0.345182419 -0.178802490 -0.008403407 0.654637039 0.181814715 0.733705103
1403637160688318976.000000 6.075605869 -0.252465725 -0.347250938 -0.017795470 0.699764311 0.195229039 0.686948955
1403637161088318976.000000 6.524612427 -0.153631687 -0.647133350 -0.021010544 0.724251330 0.223553672 0.651952684
1403637161188318976.000000 6.636458874 -0.149382591 -0.737050056 -0.005902881 0.721992373 0.231740236 0.651911497
1403637161388318976.000000 6.868943214 -0.175840378 -0.925664902 0.018855829 0.717863977 0.238811925 0.653670132
1403637161488319232.000000 6.983909130 -0.198507786 -1.018885612 0.012746910 0.722786903 0.233686090 0.650236428
1403637161638319360.000000 7.158002377 -0.218312502 -1.194437027 0.007316629 0.734094977 0.233080834 0.637749434
1403637162038319104.000000 7.579000950 -0.227617025 -1.682568550 0.034576811 0.771922767 0.181258813 0.608346105
1403637162188318976.000000 7.697342873 -0.203206301 -1.835813522 0.043318685 0.774621904 0.182348162 0.604014635
1403637162538319104.000000 7.863626957 -0.087214470 -2.211720467 0.035197355 0.760297298 0.225083515 0.608314574
1403637163038319104.000000 7.903841972 0.093769073 -2.845865250 0.046895098 0.807486117 0.197074518 0.554011524
1403637163138319360.000000 7.884357452 0.145744562 -2.967194557 0.041050330 0.827161252 0.198626652 0.524086416
1403637163288319232.000000 7.829786301 0.221633434 -3.145095825 0.036472816 0.855675757 0.203443840 0.474446446
1403637163388318976.000000 7.784235001 0.280009747 -3.252084732 0.040196978 0.870432913 0.210562840 0.443163693
1403637163488319232.000000 7.723687172 0.343774319 -3.351222038 0.046166137 0.880291283 0.222852945 0.416284174
1403637163588318976.000000 7.655612469 0.397943020 -3.445405960 0.050148852 0.884538114 0.241456732 0.395949632
1403637163988319232.000000 7.302814960 0.529095888 -3.845105171 0.068004340 0.882979691 0.285930842 0.366013497
1403637164088318976.000000 7.184547424 0.546790838 -3.970985413 0.068940707 0.884120643 0.281311572 0.366662920
1403637164188318976.000000 7.065552711 0.552538872 -4.100333214 0.066768378 0.885937750 0.274795085 0.367619246
1403637164438319104.000000 6.722225189 0.580970287 -4.449279785 0.042422455 0.886295199 0.266853094 0.376125753
1403637164538319104.000000 6.579221725 0.600591183 -4.581766129 0.048099630 0.882593036 0.272354752 0.380182624
1403637164688318976.000000 6.358376503 0.649544716 -4.792443275 0.051209871 0.878127098 0.277267188 0.386514306
1403637164838319360.000000 6.127066612 0.713547945 -5.011995792 0.035370845 0.883951128 0.261777192 0.385813475
1403637164938319104.000000 5.971718788 0.772261143 -5.154461861 0.028092397 0.890083015 0.254231185 0.377266049
1403637165038319104.000000 5.813767433 0.828911066 -5.301795483 0.025877008 0.895720124 0.252824157 0.364823014
1403637165138319360.000000 5.655249119 0.880630970 -5.445423126 0.027815867 0.903795063 0.248666272 0.347197056
1403637165238319104.000000 5.496899128 0.938425064 -5.585419655 0.026270108 0.912135541 0.247861743 0.325396955
1403637165338319360.000000 5.325032234 0.999436378 -5.717720985 0.022775076 0.917802334 0.256102860 0.302541792
1403637165438319104.000000 5.168388367 1.045689821 -5.850407600 0.018242497 0.920150101 0.270363718 0.282656044
1403637165538319104.000000 5.005884171 1.077805758 -5.976590157 0.014690701 0.922453165 0.277697921 0.267858565
1403637166038319104.000000 4.280788898 1.232242346 -6.568301678 -0.047246736 0.928931832 0.267033160 0.252084732
1403637166338319360.000000 3.994665146 1.405517817 -6.822252750 -0.045125853 0.928266764 0.244007081 0.277028829
1403637166538319104.000000 3.862058163 1.491542459 -6.938664436 -0.020358469 0.931980729 0.205872938 0.297680736
1403637167038319104.000000 3.631377459 1.624837637 -6.988066196 -0.089537509 0.917859137 0.221770912 0.316757500
1403637167138319360.000000 3.623542309 1.630416393 -6.961159706 -0.099452898 0.920064867 0.204910338 0.318750083
1403637167788319232.000000 3.984742165 1.467478991 -6.337377071 -0.009679212 0.903933465 0.267035514 0.333920181
1403637167988319232.000000 4.155296326 1.429213047 -6.084123135 -0.021671550 0.892654181 0.276314080 0.355456650
1403637168388318976.000000 4.539324760 1.384423733 -5.613687992 -0.016324954 0.890562057 0.254419118 0.376700968
1403637168638319360.000000 4.802728176 1.430948138 -5.303226471 -0.004600883 0.892353356 0.244201750 0.379538924
1403637168838319360.000000 5.002884388 1.442196369 -5.057333946 -0.011727077 0.890137732 0.253356606 0.378586650
1403637168988319232.000000 5.157711506 1.438262224 -4.874598503 -0.021317411 0.890912652 0.253241032 0.376416266
1403637169738319104.000000 6.015550613 1.229524493 -3.859229565 -0.031015269 0.833785415 0.189422920 0.517647445
1403637169988319232.000000 6.292175770 1.115619302 -3.432140350 -0.037609354 0.795139790 0.163809434 0.582670331
1403637170988319232.000000 6.948836327 0.877606809 -1.253623486 0.027907090 0.572843671 0.096812077 0.813448668
1403637171188318976.000000 6.923187256 0.820535719 -0.867170811 0.019031724 0.515256584 0.094618395 0.851584375
1403637171388318976.000000 6.855862617 0.724277616 -0.526035547 0.020291293 0.486291647 0.079563946 0.869930029
1403637171588318976.000000 6.743536949 0.630519390 -0.209475756 0.013014728 0.481521845 0.062664911 0.874094069
1403637171838319360.000000 6.537842274 0.537424207 0.151639223 0.010077956 0.489894927 0.050703146 0.870247424
1403637172088318976.000000 6.246330738 0.479363978 0.501278162 0.013662950 0.501236737 0.047960434 0.863872051
1403637172288319232.000000 5.950298309 0.444631457 0.764497042 0.012475050 0.494951814 0.087953806 0.864367604
1403637173088318976.000000 4.722594738 0.214849234 1.395198345 -0.041499995 0.506312013 0.205953330 0.836366594
1403637173338319360.000000 4.483920574 0.239767671 1.489738226 -0.034176290 0.548918784 0.225240126 0.804230750
1403637173538319104.000000 4.371034145 0.279313445 1.533304453 -0.013846688 0.591680288 0.230973214 0.772252679
1403637173788319232.000000 4.297747612 0.362990856 1.534631252 0.004011544 0.627099931 0.268345028 0.731245875
1403637174038319104.000000 4.310121536 0.472756624 1.441727161 -0.023986122 0.659331501 0.272374421 0.700370491
1403637174238319104.000000 4.387275696 0.497469723 1.288980961 -0.000538676 0.689369559 0.208686844 0.693699598
1403637174488319232.000000 4.484879017 0.480796218 1.069622517 0.038328335 0.688882589 0.212180629 0.692063034
1403637174738319104.000000 4.555208683 0.464136481 0.788417816 0.041901357 0.717153728 0.207717985 0.663918734
1403637175038319104.000000 4.585739136 0.501079202 0.406650543 0.028008264 0.766887665 0.228946537 0.598900974
1403637175288319232.000000 4.579715729 0.564045370 0.078940868 0.054820146 0.795597434 0.216017798 0.563343406
1403637175588318976.000000 4.494586945 0.690508842 -0.320868015 0.064683810 0.799507856 0.227050513 0.552314460
1403637175888318976.000000 4.302280426 0.817454636 -0.753672600 0.041963417 0.794718921 0.240040794 0.555914879
1403637176238319104.000000 4.005705357 0.901151359 -1.330833912 0.044126682 0.802046120 0.199785635 0.561124265
1403637176538319104.000000 3.670992851 1.013334513 -1.810796022 0.034130860 0.809144735 0.205880985 0.549302161
1403637176888318976.000000 3.208755493 1.170526981 -2.340173006 0.020770486 0.819667578 0.241559267 0.519001842
1403637177288319232.000000 2.697580576 1.440672517 -2.919323444 -0.017917784 0.807901502 0.297464132 0.508418322
1403637177588318976.000000 2.425775528 1.668487787 -3.404659986 -0.051486019 0.812876165 0.291814297 0.501423895
1403637177938319104.000000 2.307462215 1.905225158 -3.990732431 -0.053426582 0.835656404 0.265048534 0.478093296
1403637178288319232.000000 2.359553576 2.122890472 -4.495751381 -0.086361110 0.873686075 0.241860867 0.413179994
1403637179088318976.000000 3.143258333 2.246975660 -5.060847759 -0.004453798 0.889140010 0.223415062 0.399369419
1403637179438319104.000000 3.535851717 2.260408878 -5.084704876 -0.020709595 0.883322716 0.236377567 0.404274404
1403637179788319232.000000 3.928990602 2.206330061 -5.038035870 -0.027523112 0.886389613 0.229086995 0.401341558
1403637180388318976.000000 4.666825294 2.376880407 -4.640517235 -0.009318667 0.880778790 0.246312514 0.404316783
1403637180688318976.000000 5.035964489 2.351507187 -4.409551144 -0.028057285 0.876731694 0.260120332 0.403598547
1403637180988319232.000000 5.442817211 2.239085674 -4.173149586 -0.045712538 0.889537096 0.229484603 0.392391384
1403637181288319232.000000 5.871676445 2.041001797 -3.887937069 -0.017253710 0.891775250 0.235237867 0.386137694
1403637181588318976.000000 6.307081223 1.755987883 -3.557330132 -0.015729059 0.895220637 0.234917089 0.378347307
1403637181888318976.000000 6.715585709 1.445838571 -3.188525200 -0.002225040 0.896001816 0.242775038 0.371801138
1403637182188318976.000000 7.111743927 1.163037777 -2.797687531 0.013360675 0.897912443 0.233264759 0.373044759
1403637182538319104.000000 7.484735489 0.881682634 -2.312861443 0.037563656 0.898954391 0.210081697 0.382538438
1403637182888318976.000000 7.706488132 0.552170277 -1.785696983 0.043400381 0.897140980 0.212739140 0.384703189
1403637183238319104.000000 7.789657116 0.334351420 -1.189464569 0.075793661 0.892129958 0.225924090 0.383819997
1403637183588318976.000000 7.693809032 0.250292897 -0.582725525 0.086267307 0.889316857 0.235081866 0.382635534
1403637184138319360.000000 7.086242676 0.170245171 0.203885078 0.104638644 0.874304354 0.279321164 0.382913023
1403637184488319232.000000 6.447001934 0.181670070 0.529505253 0.039274178 0.882355988 0.274995893 0.379845679
1403637185038319104.000000 5.450677872 0.294222116 0.860560417 0.002705120 0.869942963 0.311662078 0.382176280
1403637185388318976.000000 4.913915634 0.279451251 0.874060631 -0.012542381 0.866965115 0.321758568 0.380375624
1403637186238319104.000000 4.105226040 0.142484307 0.435281277 -0.002332165 0.888468087 0.263075829 0.376045495
1403637186838319360.000000 3.694072008 -0.051709175 0.086605072 0.027611559 0.883982539 0.278279841 0.374663651
1403637187238319104.000000 3.398321390 -0.053846002 -0.164025784 0.045853075 0.882905662 0.284590960 0.370652169
1403637187688318976.000000 3.037109375 0.098898411 -0.522051334 0.004966527 0.885726273 0.306376278 0.348708928
1403637188238319104.000000 2.723945856 0.360720158 -1.121412039 -0.014912567 0.894669235 0.285976589 0.342873186
1403637189038319104.000000 2.481763363 0.884328187 -2.019270420 0.035389666 0.916782618 0.285548151 0.276982963
1403637189688318976.000000 2.184134007 1.340612650 -2.784157753 0.023082675 0.923890352 0.273975223 0.266141653
1403637190088318976.000000 1.981609464 1.499981046 -3.282859802 0.014894591 0.924999297 0.268719673 0.268224180
1403637190538319104.000000 1.736670017 1.526223540 -3.803754807 0.020059148 0.927681088 0.264311314 0.262954295
1403637191038319104.000000 1.474132538 1.577399731 -4.260475159 0.019410983 0.916752338 0.258561343 0.303865790
1403637191338319360.000000 1.308721781 1.666816354 -4.469394207 0.018644191 0.914703250 0.253988951 0.313783556
1403637191738319104.000000 1.066258907 1.758069515 -4.690130711 -0.002314440 0.913966060 0.263383627 0.308690399
1403637192038319104.000000 0.911360741 1.734817624 -4.836039066 -0.032274827 0.914266944 0.267746776 0.302301288
1403637192338319360.000000 0.838982105 1.633671522 -4.967687607 -0.047368065 0.910994947 0.280639470 0.298472762
1403637192888318976.000000 0.953222752 1.486284018 -5.164557457 -0.016436459 0.906690240 0.296646327 0.299405426
1403637193188318976.000000 1.098060608 1.406244993 -5.318431854 0.014907188 0.901719630 0.307815790 0.303197861
1403637193588318976.000000 1.312359810 1.363566995 -5.577610493 -0.009261587 0.908956230 0.287677109 0.301586986
1403637193938319104.000000 1.543329000 1.302461505 -5.843654156 -0.019636542 0.910743058 0.281217217 0.301791966
1403637194238319104.000000 1.786158562 1.313387990 -6.046885014 -0.011750532 0.913959801 0.271697462 0.301197618
1403637194538319104.000000 2.054689646 1.325135946 -6.227242947 -0.012659758 0.911769867 0.279520839 0.300638705
1403637194888318976.000000 2.403279543 1.280152082 -6.436134815 -0.016041057 0.908328950 0.293215841 0.297835022
1403637195338319360.000000 2.918660164 1.287415266 -6.700392246 -0.000846887 0.918891311 0.260697365 0.296099663
1403637195638319360.000000 3.259262562 1.300263405 -6.822308540 0.000026554 0.913552046 0.259394735 0.313268453
1403637196038319104.000000 3.702205658 1.241877317 -6.949181080 -0.033596206 0.913934886 0.239850909 0.325677603
1403637196338319360.000000 4.062259674 1.207445145 -6.945541859 -0.053306911 0.925543725 0.190586761 0.322806299
1403637197288319232.000000 5.331706524 1.048486233 -5.841722965 0.000318778 0.906799138 0.220073208 0.359559536
1403637197688318976.000000 5.776638985 0.787628055 -5.096055508 -0.018773461 0.836741686 0.215990096 0.502851069
1403637198188318976.000000 6.238973618 0.302378416 -4.129321098 -0.036953427 0.738080621 0.153057292 0.656082988
1403637198638319360.000000 6.542820930 -0.236856282 -3.130060673 -0.044948492 0.686872542 0.097305611 0.718830526
1403637199188318976.000000 6.693637371 -0.616582990 -1.600628853 0.007163841 0.663029790 0.112878926 0.739998996
1403637199938319104.000000 6.241703033 -1.053665280 0.466454029 0.059448276 0.482208341 0.091158330 0.869270504
1403637200188318976.000000 5.956036091 -1.052308798 1.108294249 0.093657754 0.391179144 0.068844855 0.912944376
1403637206938319104.000000 3.501747131 -0.545665741 1.015507102 -0.020116225 0.396573871 0.082361013 0.914079428
1403637207738319104.000000 3.264484167 -0.500874519 0.937736392 -0.031869885 0.398107082 0.106076926 0.910627663
1403637208388318976.000000 3.126634359 -0.600290656 0.796985984 -0.024780668 0.405043274 0.098335251 0.908656180
1403637209188318976.000000 2.993741751 -0.527961850 0.658098400 -0.035670221 0.411672473 0.060779724 0.908602953
1403637210338319360.000000 2.854025602 -0.604286671 0.976489127 -0.141008437 0.343057126 0.102210462 0.923028409
1403637211388318976.000000 3.832903385 -0.688753724 2.632646561 -0.030344937 0.352512747 0.085217945 0.931424618
1403637211688318976.000000 4.197911739 -0.677455664 3.125171661 -0.034815609 0.353604496 0.091095895 0.930297434
1403637212038319104.000000 4.648909569 -0.735726118 3.642004013 -0.047043264 0.351095200 0.102308199 0.929544032
1403637212338319360.000000 5.073645592 -0.872155190 4.051804066 -0.017060285 0.360179424 0.079406202 0.929340839
1403637212838319360.000000 5.702953815 -1.158074379 4.613798141 -0.044704448 0.365511119 0.082748592 0.926043093
1403637213088318976.000000 6.007948875 -1.320715904 4.884809017 -0.047357548 0.364649057 0.077243522 0.926726401
1403637213338319360.000000 6.307879925 -1.460412621 5.165178776 -0.045333792 0.359719008 0.081490837 0.928389132
1403637213588318976.000000 6.625882149 -1.564886808 5.453535080 -0.039013341 0.362497985 0.068421617 0.928650498
1403637213888318976.000000 6.967307091 -1.642485857 5.827817917 -0.050992746 0.367816985 0.047849312 0.927265286
1403637214138319360.000000 7.212830067 -1.718796849 6.148737907 -0.036567695 0.355230063 0.048525300 0.932802081
1403637214388318976.000000 7.400992870 -1.832046270 6.479611397 -0.018634932 0.317334652 0.033528164 0.947537541
1403637214688318976.000000 7.566580772 -1.998296618 6.821439743 -0.014948448 0.260580480 -0.029469898 0.964886487
1403637214988319232.000000 7.557841778 -2.180502653 7.158508301 -0.008856130 0.237856552 -0.050907671 0.969924867
1403637215288319232.000000 7.393610954 -2.316091299 7.468677044 0.005061195 0.231979191 -0.043293498 0.971743643
1403637215688318976.000000 6.988319874 -2.417891741 7.769343376 0.032104004 0.155708313 -0.034714181 0.986670732
1403637216038319104.000000 6.478315830 -2.496332169 7.840432644 -0.008977543 0.064892158 -0.038799252 0.997097313
1403637216238319104.000000 6.176066399 -2.563632965 7.834340096 -0.014064377 0.026402691 -0.036522437 0.998884976
1403637216738319104.000000 5.484470844 -2.587577105 7.734476089 0.020541783 0.008152965 -0.023731710 0.999474049
1403637216938319104.000000 5.244619846 -2.558157206 7.618908882 0.035899036 0.015190839 -0.026948744 0.998876512
1403637217138319360.000000 5.016687393 -2.530874968 7.443540573 0.019230962 0.016557612 -0.010331760 0.999624550
1403637217338319360.000000 4.822250843 -2.481272221 7.220147610 0.010449206 0.014700632 0.013960289 0.999739885
1403637217688318976.000000 4.581213951 -2.312222719 6.776793480 0.019015009 0.008386195 -0.003398159 0.999778271
1403637217988319232.000000 4.441579819 -2.141198397 6.281128407 0.019512005 -0.046175763 -0.064863414 0.996634245
1403637218188318976.000000 4.341635704 -2.044087172 5.905050755 0.006690167 -0.075262219 -0.071189500 0.994596839
1403637218488319232.000000 4.199285507 -1.853149414 5.287535667 0.004007936 -0.087447658 -0.076254986 0.993238151
1403637218738319104.000000 4.096681118 -1.678410411 4.736071587 -0.005926095 -0.084496602 -0.076738738 0.993446708
1403637219138319360.000000 3.909143209 -1.331157207 3.842252254 -0.012646004 -0.070913419 -0.098448336 0.992531776
1403637219588318976.000000 3.607040644 -0.909821153 2.769060135 -0.044063546 -0.069991171 -0.085634947 0.992887855
1403637219888318976.000000 3.344759226 -0.711678207 2.094130278 -0.066636384 -0.067019030 -0.081195123 0.992207348
1403637220638319360.000000 2.615887880 -0.599040747 0.626873136 -0.054480776 -0.074253850 -0.046753101 0.994651914
1403637221138319360.000000 2.224381447 -0.496040225 -0.120836288 -0.067823820 -0.058381252 -0.047011685 0.994877636
1403637221988319232.000000 1.788366437 -0.128615841 -0.900461018 -0.075911716 0.025875924 -0.016888075 0.996635675
1403637222638319360.000000 1.652838707 0.188832492 -1.122009993 -0.037840713 0.128802314 0.009914696 0.990898430
1403637223638319360.000000 1.600240111 0.077573255 -1.287006259 -0.042061046 0.120477960 -0.002696850 0.991820931
1403637225388318976.000000 1.564436913 0.156243384 -1.188757777 -0.027819794 0.120640509 -0.012407363 0.992228806
1403637226488319232.000000 1.290700674 0.077285714 -1.345384955 -0.048676886 0.117496654 -0.014860816 0.991768241
1403637227688318976.000000 0.937453270 0.086683035 -1.278764963 -0.050272875 0.118185185 0.011758075 0.991648436
1403637228938319104.000000 0.847217858 0.105471171 -1.194281816 -0.038239524 0.118239738 -0.003651019 0.992241800
1403637229788319232.000000 0.707883120 0.243876994 -1.285531163 -0.056765113 0.213488445 0.062711447 0.973276794
1403637231588318976.000000 0.899326324 0.371920794 -1.295521379 -0.011770349 0.647685349 0.222194314 0.728693902
1403637232288319232.000000 1.285097003 0.772292733 -1.562922955 0.033129536 0.807543933 0.253529221 0.531505585
1403637233988319232.000000 2.021897554 1.394541502 -4.017036438 -0.111358523 0.896078646 0.218974248 0.369719774
1403637234688318976.000000 3.297660828 1.814542294 -4.432891369 -0.046966970 0.894098282 0.190759912 0.402483582
1403637235588318976.000000 4.971626759 1.999343753 -3.829881668 -0.029426336 0.799658298 0.221865103 0.557186306
1403637236338319360.000000 6.087381363 1.589543819 -2.959054470 -0.064098127 0.731089592 0.121782251 0.668257833
1403637238138319360.000000 5.914100647 -0.601327777 0.543248653 0.065454654 0.597541034 0.171734452 0.780491948
1403637238888318976.000000 4.572221756 -0.975540400 0.775752544 0.053981245 0.695148408 0.370168507 0.613864839
1403637239488319232.000000 3.930440187 -0.899708271 -0.249431610 0.000920583 0.765029192 0.330975831 0.552435040
1403637240238319104.000000 3.706892252 -0.087202907 -2.075973034 0.023275396 0.901560605 0.264401048 0.341670632
1403637241288319232.000000 3.557639837 1.034307480 -4.520972252 -0.021985661 0.918569922 0.265939623 0.291585535
1403637241738319104.000000 3.711378574 1.424404144 -5.359774590 -0.046013005 0.924867153 0.228015110 0.300853282
1403637242138319360.000000 3.955290079 1.578799129 -5.879975796 -0.007242451 0.930005610 0.206597567 0.303899080
1403637242688318976.000000 4.303763866 1.617482543 -6.138586521 -0.041414369 0.930518806 0.189450979 0.310689479
1403637245038319104.000000 5.584332943 0.163068056 -3.845269680 -0.023260038 0.861148596 0.279099792 0.424246818
1403637245738319104.000000 6.124229908 -0.111360788 -3.446797848 -0.031904202 0.843829274 0.269560397 0.462894678
1403637246738319104.000000 7.114526749 -0.113472581 -2.817513943 -0.017182129 0.615073502 0.100483596 0.781851947
1403637247338319360.000000 7.318818569 -0.101669550 -2.211117744 -0.036261275 0.498335361 0.095945008 0.860895813
1403637247888318976.000000 7.292215347 -0.085952774 -1.583866835 -0.012680304 0.478121996 0.045058582 0.877045214
1403637248988319232.000000 6.355124950 -0.163061127 -0.410731316 -0.035949364 0.405732632 0.068827622 0.910687327
1403637249488319232.000000 5.767848969 -0.366405100 0.098844171 -0.030350614 0.416519135 0.071198247 0.905826449
1403637249988319232.000000 5.152069569 -0.398990691 0.655809402 -0.014803903 0.397445560 0.063400887 0.915313184
1403637251088318976.000000 3.838301897 -0.578908503 1.552819729 -0.028033230 0.312081367 0.094497427 0.944928408
1403637252188318976.000000 3.288421154 -0.995798945 1.860216856 -0.003799828 0.240591332 0.029163338 0.970180869
1403637253438319104.000000 2.958501339 -0.906415761 1.778061628 -0.023896603 0.242193282 0.043830901 0.968942881
1403637254238319104.000000 2.823105574 -0.877964616 1.566693664 -0.023297152 0.238569245 0.024102723 0.970546782
1403637254888318976.000000 2.605004549 -0.932295263 1.341644287 -0.027418267 0.203679204 0.015008985 0.978538632
1403637255738319104.000000 2.236067772 -0.824849248 1.035385370 -0.030224916 0.121665344 -0.012036063 0.992037892
1403637256888318976.000000 1.566416740 -0.701975763 0.532924891 -0.047811087 0.044111244 -0.012821127 0.997799575
1403637258088318976.000000 0.852250576 -0.526507676 0.107800774 -0.067206874 -0.032347038 -0.049044982 0.996007800
1403637258888318976.000000 0.371071517 -0.388034314 0.065133393 -0.039263226 -0.105493300 -0.060643066 0.991792321
1403637259388318976.000000 0.156233996 -0.388883144 0.045193709 -0.037950106 -0.101716958 -0.051755499 0.992741048
1403637260038319104.000000 0.055006679 -0.382169038 0.004956242 -0.036764100 -0.099696845 -0.046587400 0.993246496
1403637260438319104.000000 0.077483438 -0.300115228 -0.004868749 -0.035094310 -0.090933211 -0.081892997 0.991863430
1403637260838319360.000000 0.067163318 -0.195604667 -0.017286954 -0.047083426 -0.093854420 -0.076483630 0.991526484
1403637261238319104.000000 0.021443386 -0.091764994 -0.019580876 -0.057005882 -0.095323168 -0.075291745 0.990956604
1403637261538319104.000000 -0.028567446 -0.054768223 -0.017330717 -0.048649628 -0.098163337 -0.065643802 0.991810501
1403637261838319360.000000 -0.079980850 -0.059590530 -0.003317615 -0.054336596 -0.094852075 -0.071884751 0.991404653
1403637262138319360.000000 -0.132981107 -0.053348724 0.035645135 -0.034475569 -0.095393509 -0.061288133 0.992952824
1403637262388318976.000000 -0.148619175 -0.019879442 0.052692369 -0.010254282 -0.095525526 -0.055029117 0.993851900
1403637262688318976.000000 -0.135781243 -0.014669394 0.047488753 -0.014568969 -0.068468869 -0.025613306 0.997218013
